Question 1.2
size 1361


c 1863476401
Points and their infos
i 12160556 12159209 2743
i 457189446 355208144 3734
i 2112493862 1720439225 4194
i 1221494752 1221496682 4957
i 295879244 2226080377 3240
i 2021925364 2021925301 642
i 2838397546 2838397517 3737
i 1507156720 1507156691 8503
i 1986063792 1986063775 14461
i 12160556 12162261 2743
i 832516723 832516704 10671
i 1323658106 1323658087 1277
i 2960130684 2960130698 14033
i 572518303 2840515616 10328
i 2356107964 1904720432 6125
i 1221495107 1221496366 4161
i 2370625608 2942292646 31069
i 2913190904 515952570 4482
i 1630305715 2139333128 3708
i 2266238298 2266238322 794
i 518081131 518081092 4655
i 2117744385 810262732 2130
i 2111489096 2111489071 10209
i 1760634295 1861527328 5167
i 1893943051 1893943032 1110
i 1866518421 1866518408 21024
i 3042031268 2113509687 5167
i 281331360 281331356 2278
i 1521812163 1521812521 13976
i 1071638617 1071639726 7868
i 518081326 1066543929 8638
i 1033187622 518080974 6541
i 572518313 2794824308 642
i 1522948386 275905606 454
i 660026027 660025931 17309
i 2070137429 2070168104 20997
i 2266238298 2266238288 794
i 1956166873 1956166819 14104
i 1345287237 1345287326 3079
i 1720439112 282148674 1580
i 419251405 1836721537 3806
i 2509135983 1563876947 43236
i 991719196 991716609 5912
i 1936423763 1936423822 15972
i 971131994 1357628656 24442
i 1933474139 1933474157 8733
i 2266238274 2266238347 4245
i 1945735430 394693577 5603
i 3334265613 3334265618 18922
i 1911649680 1911649690 3231
i 1221495489 1221495651 1115
i 1066546597 1066546302 3040
i 2070123413 2070123371 1509
i 1291417270 1291417269 17493
i 1291417270 1291417269 17493
i 3067090849 3067091369 25677
i 3217960023 3217960018 2028
i 1650729880 415585695 15014
i 1385762449 462743172 524
i 2361441493 2960272830 55180
i 2021925364 2021918256 642
i 298095040 298095074 602
i 998205407 998208355 1483
i 2117510914 3033953619 22601
i 2431230088 1489424051 19381
i 1345306478 1345962877 100693
i 1221496595 1088459598 5324
i 705901218 705901199 6269
i 2022041819 1723735894 73535
i 1704270803 1704270729 26834
i 610510250 2500716135 13859
i 849378733 459032314 5882
i 1818868061 471202054 7105
i 291287120 462270232 3573
i 998203807 998204991 679
i 324670013 704042463 27436
i 442612251 442612252 1816
i 1796808606 1936423038 20696
i 469848985 344339479 8978
i 3217960023 3217960046 2028
i 779940138 779939317 51784
i 2070123354 2070123431 7797
i 1815119609 1815119644 4060
i 1221494827 1088467642 7794
i 1066545684 1066544205 217
i 1221494752 1221496291 4957
i 1589767292 1589691935 66761
i 1221495152 1221496255 6623
i 1893943172 1508457775 13166
i 1954980145 1954980142 4563
i 2111489687 2111489197 7556
i 1874780440 12155496 18235
i 659801601 659801603 13491
i 1953615129 3327195513 2148
i 1837041483 1837020128 61614
i 1221494957 1221495285 2578
i 2117510966 2117511036 86938
i 822149853 822149912 219
i 966589959 966590863 57000
i 781834044 781834194 5527
i 2178140095 2178140104 11393
i 1953615127 1953615159 4604
i 2630219091 2631442720 27916
i 928439003 928439199 9017
i 1116407238 1119579444 32113
i 2266238265 2266238278 5123
i 3221922427 3221922401 5385
i 518080937 1686133752 6132
i 1507171483 1388962025 14036
i 1806584443 1806584391 17020
i 2266237822 2266237798 13059
i 1953615163 1954418159 1102
i 1729113019 1729113097 38985
i 613137018 612636024 40796
i 1944915688 1944915628 37446
i 2453521562 520266698 10835
i 1365480807 1145596370 38502
i 656653276 1096759671 8353
i 282148680 1692537405 4515
i 1088467586 1221495506 1351
i 1630357222 2111489173 9934
i 36434259 36434249 48353
i 2931535209 2931535256 41723
i 1033424615 1033424525 25013
i 2956159423 2956159402 46603
i 559209464 1862591963 3932
i 2419107310 1043719282 32349
i 1481722547 1693226428 2782
i 2961665389 2961665388 7783
i 1491256596 779939439 29583
i 2975257834 2975247938 4194
i 1517856674 3274216840 39687
i 705900996 705900986 2553
i 921171558 2355065491 13166
i 1944915720 2692568054 63618
i 1001512242 1001510000 839
i 3536144192 3536144191 68
i 1942840455 966590773 4210
i 1818597410 1818597311 7937
i 1757107538 1757107524 44175
i 2534336735 2534336698 9097
i 2534336735 2534336698 9097
i 1071638857 1071639683 615
i 2956084687 2956084708 64241
i 2296494866 2296494877 1929
i 3037697306 3037697301 13562
i 1717432526 2864851920 27597
i 1931380642 1931382196 62686
i 1649488258 394722181 44908
i 613530985 613530973 18130
i 2285890325 2285890439 15232
i 1759532978 3033953331 1362
i 739123101 739122801 31132
i 295879244 448825569 3240
i 681323852 681323640 200
i 603097725 2137046405 15500
i 1521350004 1521350003 3711
i 2075860819 2075860821 38095
i 2432274202 669868856 34123
i 1576583221 1576583144 21132
i 1693226377 1801701911 8838
i 2296494866 2296494836 1929
i 2093854809 2093854730 11465
i 705901218 705900842 6269
i 1529806497 1529824112 938
i 3536144192 3536144190 68
i 1809930634 1422489347 39687
i 471061713 3138373946 3137
i 3375454872 3018218464 5803
i 415882751 415882733 83915
i 1270466283 1270465332 22293
i 2322049743 2322049778 12212
i 991719217 991717777 1123
i 1088467586 1221495268 1351
i 2161702100 327371769 171345
i 781834036 781834088 593
i 1511313936 1511314040 11021
i 1136042159 1136042290 1853
i 1952743375 1954418337 22144
i 471395402 1867992125 271
i 1221494957 1221496246 2578
i 415585564 415585567 14574
i 2413487199 471202048 3141
i 17861590 563299985 7941
i 2093134823 2916442345 14065
i 613294259 12157597 11926
i 998204502 998198707 14561
i 1071638617 1071639250 7868
i 1521350004 1521350059 3711
i 2960272818 3217945173 12577
i 2169684699 1936423695 30658
i 3147982652 3147982653 9569
i 2907903872 2093115042 110
i 1954980275 1954980228 19254
i 2453521562 2453521585 10835
i 2285380243 3213213191 1142
i 1001511384 1001512823 13234
i 1030027032 3724397494 13437
i 1279742429 1279742165 6650
i 1001510919 1001513862 6752
i 1515690879 1515690825 6858
i 1806540726 1737695222 21016
i 3692979337 462270226 1638
i 1270466501 1270466316 10302
i 355208191 1917432121 256
i 12161514 2465907294 81312
i 660384406 660384361 3298
i 998203807 998199334 679
i 1768368273 2691091507 53984
i 2316339541 2121027317 6520
i 1816314393 1816314349 48653
i 471395402 1867992084 271
i 796544652 1840346352 12274
i 2432376264 2931439536 12369
i 2093116566 2093116112 4655
i 694973166 1855302254 22607
i 1806542700 1806542560 32849
i 3103872466 3400651351 45422
i 2111941230 372587237 32030
i 1001513009 1001514073 4024
i 2325991525 2912293050 50527
i 1345306466 1345306490 17444
i 2838397291 2838397292 23281
i 705900515 705900769 878
i 2283626620 2283626627 13716
i 1455223148 2912982145 7163
i 2621480339 3217908989 9597
i 1952743501 372808035 3203
i 2266254126 3544774821 51910
i 3142527084 3142527086 10306
i 1563881323 1563883170 1049
i 660025956 660025946 13293
i 698800970 2583088573 1464
i 17861615 563299967 16199
i 1839531777 3082333141 1585
i 1450710710 1450710706 2836
i 1880437627 2666211921 23167
i 394688933 1650730588 5629
i 3414524435 1858800453 37785
i 1001510374 1001510965 7365
i 1001510374 1001510965 7365
i 1271185513 1289158386 5252
i 518080938 1735802547 7024
i 1953615166 1953615229 3193
i 509279319 509279322 3621
i 3042031268 3042031267 5167
i 286200334 2400559667 2351
i 1000069204 1000070337 5512
i 17861631 614495349 17845
i 681266224 3024188989 1602
i 36434268 1809368733 88614
i 2492653363 2492653117 38109
i 1422490489 1422489366 22919
i 2648188534 2648188505 5663
i 471061713 471061714 3137
i 1542080610 1542080632 21115
i 2070168369 2070168076 1870
i 1634701346 1634701443 5268
i 2325991525 2325991673 50527
i 605573523 338768633 50
i 1385878531 1666249066 11547
i 2648188446 2648188485 1979
i 2296496261 2296496486 20297
i 2334352251 2334352257 342
i 2087752132 2087752165 4945
i 1729113019 1729112393 38985
i 1511654897 1511685811 55669
i 838453238 859130293 48359
i 1860729186 1860729205 45071
i 1717429969 2864854031 33853
i 1071639088 416932695 3514
i 3389962506 3389962508 14814
i 1953615127 1953615119 4604
i 3135030158 2194923505 57379
i 1523877748 2536889051 28970
i 2561696743 2561696802 48651
i 747278154 747279094 6800
i 1001509955 1001511204 26687
i 1499998484 2692568053 96273
i 998203807 998210852 679
i 192297914 1512612709 19552
i 518081071 518081054 1698
i 1270465117 1270464666 10017
i 462743155 462743158 3767
i 471353954 471353956 1538
i 1814864528 1860660685 46795
i 1481722463 1481722550 1501
i 2111489059 2111489074 11432
i 2960160688 2960160660 45560
i 462315323 462315308 38051
i 1953615518 1953650305 30278
i 445726514 2363116257 13306
i 1493060064 1493060148 16231
i 1521350196 476839366 5351
i 922437905 922437207 4484
i 1911649680 1911649720 3231
i 3113329351 3113329121 55
i 2445650105 2445650098 1797
i 2266238560 2266238616 3975
i 296013148 779938689 13963
i 1517856650 1517857969 86280
i 1071638857 1955885912 615
i 606333518 1491256633 1431
i 1145500952 1617108931 43256
i 1806540846 1806540910 6118
i 844675283 3247827569 56733
i 613294419 613294427 627
i 1345298150 1345287269 98
i 2178140095 408432717 11393
i 415585618 2146223602 6997
i 2093854821 1656739343 20205
i 822149718 822149970 980
i 1976164250 1976164293 8450
i 1000070367 988264338 82821
i 1811391588 519857456 16707
i 1362446646 1362446688 30450
i 3400626885 3400651157 11083
i 1389228278 3213207342 44214
i 1774832343 1774832203 8509
i 1033424584 1033424719 47620
i 412472086 412472085 5031
i 1720437488 1720437555 316
i 2949701454 2949691070 11472
i 404304780 1945764810 667
i 991719196 991716656 5912
i 464589928 462743165 9061
i 660429835 706345469 19358
i 3082333147 3082333143 7752
i 1815119609 1766700583 4060
i 1483301882 1483301977 19686
i 1563883408 1563882825 3977
i 416914059 1510312699 28143
i 1797372039 1809893998 11647
i 1650730612 1650730411 10469
i 1272039944 1278650907 21310
i 681323705 681323816 7430
i 1774832343 416952826 8509
i 3221962232 3221956510 35161
i 2827467000 2827467310 1815
i 2334767469 2077483999 25730
i 2942074427 2942074433 3390
i 192298001 192298004 24910
i 1517857069 3455552092 35940
i 2912966377 2912966374 1073
i 1839860550 1839860515 6493
i 1893991584 1893991368 37010
i 2898467484 2898467485 10116
i 1337357967 1716010023 12642
i 559437787 559437765 1069
i 681323852 681323648 200
i 2648188446 2648188488 1979
i 781834025 1827373253 848
i 681323860 681323814 881
i 1308884342 1524459672 3407
i 290902382 2836598589 4643
i 576612883 576612890 21805
i 1357628857 1357628481 2983
i 402376111 1840346753 2032
i 471395408 471395699 11925
i 1000069204 1010499538 5512
i 2951058319 2951058285 38992
i 1625951874 1529806732 10996
i 928417136 1788750465 9110
i 3213191439 3213191639 52477
i 2178137595 2178137658 4235
i 1481722431 3312073137 1754
i 2510186779 2510186786 5570
i 1398590947 2077484021 4536
i 1270466501 1270466776 10302
i 915905694 1905014556 10736
i 1656395808 1714771585 37466
i 1589692130 2931509786 23226
i 1744562635 1523818833 3846
i 1766434216 1766434488 40690
i 518081071 518081040 1698
i 510894815 1774977096 104789
i 747279177 747278902 4022
i 331145631 991718683 30714
i 915905836 920663366 52716
i 1839860550 559437781 6493
i 1648308635 2536085638 60289
i 1515690879 1515690854 6858
i 1895356082 1170321914 12996
i 3018218174 3018218436 15665
i 2111489224 2111489217 3728
i 779939855 779939911 2605
i 1657393590 434093917 4529
i 457189407 457189364 3649
i 1419328029 1419328053 68544
i 2164522808 2164522814 1042
i 454960405 454962137 650
i 921171558 3158760326 13166
i 1088467598 1088459553 9068
i 2178137595 671452163 4235
i 2121027200 2316339854 1026
i 2154577558 2154577591 2194
i 1737376535 1806650562 21139
i 3213215532 1389215608 15629
i 518080911 1066544386 2409
i 2863077487 1911120991 27350
i 1862613580 1862613588 357
i 2601636271 2601636347 23722
i 3389957027 3389957015 9589
i 1311779525 2617471172 69263
i 1710883858 1710883873 7035
i 2146820593 3042038092 50349
i 2111925612 1437637774 17694
i 706210478 706213644 25860
i 773196420 773196580 14236
i 2146845605 3037695018 36808
i 3334265613 915905690 18922
i 1345287237 1345287334 3079
i 1840346483 1840346390 16914
i 2451002822 2451002846 12013
i 1350745857 1350745784 3956
i 669868896 2460170099 749
i 1119579492 1119579598 34048
i 1398590947 2077484001 4536
i 518081069 518081043 10036
i 3113329351 3113329118 55
i 412062081 2512705574 4502
i 2422998828 2422998852 2160
i 2121027200 2121027309 1026
i 2781654226 2255388348 5140
i 2601635762 2601635662 33720
i 2863509088 2863509085 6741
i 1054543565 1054543561 3993
i 681323671 1819021684 2004
i 782144834 2111925573 28688
i 340396928 415586087 4070
i 2838397546 2838407310 3737
i 1501719261 1501731028 9365
i 1534912609 3142517308 6260
i 982549448 2512563817 4573
i 3048013965 772922004 40374
i 2742176396 2742176459 66798
i 747278426 747278531 40930
i 1116407238 1119579347 32113
i 1033894410 1931385306 20493
i 1863981356 1863981360 11291
i 1863981356 1863981360 11291
i 2093134918 2093134906 2785
i 412062075 2146223600 5433
i 1001511384 1001509979 13234
i 1650729777 415585735 7669
i 333952776 333952788 5375
i 1860261011 1860261781 8044
i 2075860451 2075860632 10346
i 26743988 2288061083 7182
i 1033424523 610510384 89827
i 2397098185 2587534976 22510
i 1875070705 12167374 7998
i 1721113009 1693211782 15
i 1450586037 1450585876 2243
i 921171445 921171735 62069
i 1429325390 711452841 35402
i 1454077796 2913147102 25935
i 2241280012 869004024 73764
i 2093118165 515952561 3028
i 1564927047 1564927728 1790
i 416914059 416914054 28143
i 1536622750 1544800242 47854
i 2601636271 2601636450 23722
i 2536477840 2689953527 52873
i 1071639774 416932399 1989
i 2283629310 1483301744 12233
i 1534466394 1534465076 37143
i 705900515 705901265 878
i 836235335 1702480340 3571
i 1048914072 1088459563 8007
i 2059766175 2506146232 71650
i 1503285507 1503285807 24497
i 1811391140 1843926392 17296
i 1795424862 1795424898 30201
i 2399531852 2399531893 2217
i 3228692861 659801659 33857
i 1221495489 1088467613 1115
i 1489424459 1489424387 1257
i 3366791485 3366791472 4713
i 2356144514 2356144526 5566
i 2700216530 2700216430 22732
i 2942074427 2942074432 3390
i 3049424506 3049424509 2873
i 2111489116 2111489114 12027
i 286200340 2400559666 21081
i 2644162309 2644162653 58788
i 26744029 26744089 173351
i 2356192756 2356192723 11900
i 1346769471 1396844005 48999
i 415578654 2166631172 4555
i 2070168369 2070168437 1870
i 2832359081 2832363721 11984
i 606333517 779939053 6122
i 3696949425 3414905669 16933
i 1481722431 1481722570 1754
i 1693211800 2094129698 1299
i 3228680645 3228680643 8051
i 2093116566 2093116563 4655
i 2528525915 2942467228 31433
i 415585569 415585580 825
i 1860662010 1866492855 4407
i 475736542 1450627960 9914
i 415585569 415585568 825
i 2336878569 2336878742 42600
i 355221300 457189361 5358
i 1345298278 2987801705 5137
i 2582293684 3414905314 8817
i 1843927005 1843926927 32870
i 1867479239 1867479009 41783
i 2093117611 520447966 14250
i 1626999376 1626999363 5736
i 2794287305 2794287309 1412
i 1820467984 336320886 73729
i 1648941416 1648941398 125882
i 415585569 2291982951 825
i 1630357222 2111489677 9934
i 3652929773 12167492 9786
i 2059643970 2059643992 2881
i 2432226616 677649753 2587
i 2607287644 2607287698 9881
i 3099718481 760785675 13936
i 1737376752 1862613575 24806
i 275658287 275658283 1653
i 416952706 416952033 2145
i 779939800 1491256620 8880
i 1839860548 1839860649 7610
i 928417136 928417044 9110
i 1648292016 2579954087 101719
i 1843926947 1945764817 51257
i 1621819547 2300810026 35166
i 576645401 576645320 14855
i 2700219666 2700218387 99197
i 3068905600 2354789767 42210
i 669868896 669868902 749
i 1511313936 1511313882 11021
i 907320057 2729268767 82427
i 697058015 2853426462 14766
i 1634543690 2150601240 28496
i 559209464 1862591969 3932
i 2399531882 2399531951 617
i 1028803510 1000560618 14255
i 1996755909 1750232068 10306
i 1656636593 1656636844 10273
i 2863051224 2863051216 14363
i 1760634221 1543421476 7563
i 416952706 781834200 2145
i 416934875 1071640296 16622
i 394688945 1650731001 819
i 907470838 1950566481 27738
i 1357628613 1357628570 1181
i 1481722547 1693211814 2782
i 1109972117 1109972230 10540
i 3493825855 3493825866 9747
i 1001512242 1001510373 839
i 674937279 2956882075 35363
i 3554045716 3554045728 7201
i 2561696743 2561696805 48651
i 2413487206 471202042 3388
i 1849725883 2319701483 48254
i 559209464 1862592003 3932
i 2794836419 2794836411 8311
i 1806583841 1806583920 34162
i 1806541997 1806584733 2406
i 2503063763 1723303095 11250
i 1544394809 2700216307 9464
i 2111936174 2587337040 39731
i 1912858947 3096408364 1165
i 1540381246 1540384625 59626
i 3018218444 3375389825 1011
i 669868986 669868886 76425
i 404304780 404304797 667
i 12168736 12162030 9593
i 2960213748 2960213747 62588
i 1702662198 2015145 7646
i 1953615423 1896388543 28653
i 1450585984 429458095 11005
i 286200334 1385878558 2351
i 681323860 1246574924 881
i 793538967 793710915 48149
i 1775041197 417299810 7444
i 416887033 416887289 13923
i 1710883839 1710883796 6681
i 2164522798 2164522824 693
i 1953615127 1953615059 4604
i 1859952271 1859952255 27315
i 2300809931 2300810035 18225
i 2514285646 2514285663 121
i 1806584573 541511465 12490
i 819192226 832429287 3415
i 1710883839 1710883856 6681
i 2284218085 2284217765 35990
i 670544341 670544331 6589
i 1076098817 1076096961 12146
i 1067956187 1196620268 14519
i 1271798995 3215524651 60213
i 1362472987 2530370277 34
i 31805552 31805623 7715
i 2534336687 2465927574 6835
i 291951389 1933387975 14042
i 2070123413 2068582132 1509
i 2689953160 1195828673 26783
i 954857526 3358573485 33279
i 2445650105 3007386483 1797
i 669014786 340394538 14031
i 17861769 765394694 86935
i 2627401484 2626372266 23764
i 2827478466 2827470441 61978
i 2296494865 2296494760 5800
i 2300809931 2300809926 18225
i 1875070705 1875070696 7998
i 445354688 445354422 15348
i 1195829259 2912962039 1134
i 1501719261 1501719286 9365
i 2113464470 2113464482 6304
i 3389962506 1864739148 14814
i 1088459533 1088459548 2541
i 282148657 663620316 4508
i 417302707 1033188496 7632
i 1893991584 1893942566 37010
i 1039887868 1489646371 6592
i 1000987475 2818157062 2983
i 991719217 991717950 1123
i 576645730 1102089417 99768
i 671240326 671240322 1239
i 2906066836 2911921403 18010
i 1955846661 2115711784 65698
i 1931382453 1023035166 4654
i 1226638882 1226638864 42020
i 1617092880 2557813643 36757
i 2266237863 2453512119 3648
i 1289158406 2630219181 30901
i 1507151893 1389223768 16818
i 1795424755 1795424783 2222
i 2333331851 2333331923 9668
i 1522948386 1522948621 454
i 2325991583 340168599 34381
i 2370625608 2942094206 31069
i 2070137326 2070137652 20689
i 469848985 469848992 8978
i 340168563 1534465910 30
i 2913675805 2913675835 7590
i 416885397 1510311776 35382
i 1945764845 1945764818 13130
i 1860261011 1860261041 8044
i 2266238184 2453528352 12185
i 3696949425 1683121391 16933
i 1521638719 1521639242 18527
i 1656739976 1697164764 6805
i 415578552 415585563 24156
i 796544652 1811391621 12274
i 1532768938 1534959633 17837
i 2399531897 2111489152 3727
i 3506790854 1809902645 1118
i 1345315392 3583723571 3112
i 1164008845 2834409478 37085
i 2898466000 2898467447 34390
i 2492653363 2492653133 38109
i 1521638719 2504064792 18527
i 1891480880 1891534976 19834
i 1576855468 1576855433 1451
i 576612883 576612894 21805
i 444402512 528085291 194638
i 2070137693 2070108877 13367
i 2648188534 1111382010 5663
i 1693211802 1693323621 3585
i 1345306466 1345306387 17444
i 947073544 947073561 7509
i 2434962176 2294761874 17552
i 2700216393 2700216077 19057
i 1768368308 1509623429 24565
i 1030027032 412062154 13437
i 1860261546 986526528 21512
i 2121699324 1442302672 4499
i 1450585950 35783942 10133
i 2512563978 2512563866 11013
i 2121699324 444596551 4499
i 1912858947 1912858953 1165
i 2607287618 450638 24024
i 1429023052 1425558378 10492
i 515030650 515952560 7583
i 2598623301 1931385294 29720
i 1534904563 1657132562 10632
i 2390797092 1775041331 5849
i 2314467539 2314467546 31550
i 1076109728 982548098 16424
i 613294241 613294235 6073
i 1483301618 1483301594 64755
i 2445582899 2445582923 2210
i 2912294440 2912294459 16338
i 2603051062 1396527858 19701
i 681266208 681266193 3938
i 1955846387 2115711771 16008
i 1795424755 1795424800 2222
i 1931385349 1931386900 8259
i 444465300 1911587344 9153
i 1450627980 1450627994 1070
i 1450627980 1450627994 1070
i 2794287305 2973911405 1412
i 2056773034 2056773005 18362
i 781834036 781834053 593
i 2601636708 2601636630 23574
i 454960818 772889790 65049
i 1279742426 2630219180 243
i 1715812625 1715812574 70321
i 1634544867 1683125715 9818
i 1579351130 2949718663 1680
i 442612251 2851512063 1816
i 1840346483 1764387151 16914
i 1650730513 1650730452 11049
i 1414704801 920709017 43810
i 1576855468 1576855646 1451
i 946172370 669876707 18083
i 2266238215 2266238319 7523
i 2579952200 2579952221 25786
i 1862582866 1806650625 9315
i 1740037763 1422776577 16778
i 1862613572 1862613567 2632
i 1576559965 1576559893 10530
i 1308025136 1308025241 5617
i 1720437488 1710883805 316
i 2022041717 2022041435 10358
i 2648187514 2648187615 25153
i 515030650 1030773593 7583
i 1579351062 2951004125 12219
i 1470673342 1033187764 5504
i 2804754702 965879534 84331
i 1795370997 1634559421 5189
i 2322067452 2322067473 33051
i 2113464470 2113464446 6304
i 1818597410 1818597518 7937
i 1806584443 1806584266 17020
i 613294249 613294239 9090
i 2836685148 2836685168 37559
i 2255388749 3360074237 6596
i 3493825855 1237304030 9747
i 1195829259 2913144749 1134
i 1505258526 2634893335 7
i 471353954 462315436 1538
i 489624539 412062191 9514
i 1993714914 1860709201 36391
i 1521638274 2504064719 20082
i 1816314393 1816314347 48653
i 658752750 475549373 11891
i 1806542343 1806542404 31645
i 454960405 454960384 650
i 1806584546 1806584671 26862
i 832855855 833733224 27372
i 613294419 604108105 627
i 1936423883 1936423869 31762
i 2111489224 2111925678 3728
i 2931545744 2931545734 30830
i 284871343 284871333 12128
i 677495617 2434836738 10959
i 928459844 928459561 434
i 2764043910 2764051079 52211
i 1816378900 1816378514 39748
i 610510243 610510240 7761
i 2466876793 2466878427 25500
i 982549448 982549661 4573
i 3185000373 324566399 119856
i 612636044 612636029 15515
i 1866492947 1866518386 1751
i 1772739069 1772739053 30635
i 1116407855 1118116437 32517
i 1953614969 1953615048 8653
i 1796808668 1796808470 5421
i 1422776566 1422776529 9722
i 2942466144 2942466135 23472
i 2070168431 2070168549 36266
i 1506395100 1506395119 16232
i 1806583841 1806583718 34162
i 1521638856 2947446302 54177
i 1540384702 1540384623 35641
i 2649426221 847654799 1006
i 1941615665 2255330201 28085
i 404305131 1843926827 12546
i 286090552 1634544593 61244
i 1242875626 2636367896 120728
i 1237303948 1733520906 101043
i 779939283 296012975 4898
i 681266217 3725878002 5051
i 418214114 2162447394 6867
i 1223059661 1223059658 2433
i 1656636593 1656637307 10273
i 612597765 612605474 45953
i 1540401586 1540401434 17147
i 2621480549 2621480376 45081
i 2574457115 457338141 44821
i 2408048020 1237303801 46203
i 1768368256 2951032411 43611
i 3018218444 3018219353 1011
i 1240905454 2836586506 36861
i 1270465165 1270466860 7437
i 2356144512 2356147324 10892
i 822149725 822151961 17887
i 3366791485 1225299854 4713
i 1010499335 3030395199 12519
i 1766411279 3625942483 44
i 1768368310 2949697639 29971
i 2608249049 1305747943 46118
i 1795596573 1795596609 48335
i 1760352503 2660498362 39055
i 281242344 1539533664 41414
i 2785801273 2785801314 61155
i 697318483 697318499 212
i 670544341 1652723787 6589
i 2255972251 2255389063 73861
i 2433155155 2648188039 23727
i 2961722206 919541530 15574
i 1716625205 1804366942 106786
i 848099278 848099975 47982
i 2576157805 907470846 21419
i 1433078778 1489646565 108955
i 3691479941 3691480009 81052
i 1859952271 1859952337 27315
i 823729674 2634985092 40113
i 851659814 2574503949 21739
i 2113442763 2113500609 45956
i 1843926865 1811391223 35023
i 2194160439 1345306595 15362
i 2698269632 2698269672 6552
i 1776098743 2296494793 15204
i 921740121 1357628583 20024
i 902723759 902722591 133036
i 612636067 612636063 20890
i 697318483 697318486 212
i 1136073915 1136042258 7215
i 26743997 418630467 30750
i 3158760545 3158760578 20705
i 2832359081 2832363712 11984
i 2627446526 2402524298 8832
i 1380524273 2601635620 51754
i 2832327559 2832350336 27975
i 1503285655 1503285801 4876
i 17861758 1109972312 64790
i 1337357967 1337357981 12642
i 2113442754 2113442105 40513
i 697318414 2683628424 69366
i 1880437656 2666211944 15586
i 868984333 868984269 8890
i 779939855 779938828 2605
i 1422776566 2354410972 9722
i 2283615672 2283620292 5874
i 2604594868 1734940936 29834
i 1589692130 2931516305 23226
i 1039887868 1039887787 6592
i 2607287558 3737536466 16052
i 1489564015 1489646287 23249
i 2781654226 2255388770 5140
i 1501764309 1501764491 10518
i 2445582899 2445582906 2210
i 2512800888 372591619 18343
i 1942715891 996137257 60885
i 921739628 921739459 57097
i 2300815137 2834404591 14496
i 2960260064 2960257009 38349
i 444463799 3057371133 88068
i 1933474139 1240905909 8733
i 2898466000 2898467411 34390
i 2359197915 1112497538 2349
i 1893893443 1978315470 35435
i 1796276911 2863061475 3760
i 849378716 475548422 16256
i 1457698235 3625942472 16250
i 2036004894 1837352107 38356
i 1754970360 1754970351 53528
i 3215543281 362178916 3480
i 1433113048 845145891 60001
i 2607287718 2607287585 10810
i 3353798599 2255388979 30187
i 1392907565 1814282555 5067
i 1686709933 1704271251 9672
i 2145676903 2145676905 8408
i 1540406090 1540406072 989
i 1868246232 1935842767 4523
i 1529824074 286735627 44706
i 1365480807 1365480809 38502
i 1241670254 1099588282 18605
i 2255310236 2255242476 38466
i 921171471 921171666 38387
i 85684152 1118032836 83572
i 915905694 1905014543 10736
i 2163125078 2163125085 40400
i 2402524590 2402524642 205
i 1686133868 1000069384 22092
i 2408004715 2400723010 82342
i 656653271 2306504588 24109
i 192297885 2433155294 126797
i 2604594868 2604594731 29834
i 1704271260 1704270422 28533
i 1337357967 1716009964 12642
i 1410740720 1431799237 32778
i 366576605 3720947239 48695
i 844909880 844909697 3590
i 1499999893 2660498883 14917
i 928459572 928459617 27942
i 1818597441 1818597559 8569
i 2608249049 2608249305 46118
i 3360141549 1517857714 43888
i 1716625575 1804288985 81558
i 1501730942 1507627743 23943
i 1271328067 3687903405 41913
i 2073394426 2073395223 46474
i 2334615003 2334614995 14943
i 3016782122 829251071 34429
i 3616140328 2600718588 13677
i 2266237863 2453512158 3648
i 1952743375 1952743421 22144
i 1678262172 2846086521 7351
i 1678262172 2846086521 7351
i 2827467000 2827467304 1815
i 460415662 1904076945 21920
i 1392907706 1565003771 25485
i 2162457105 2163057068 18678
i 3554045695 3563255096 6663
i 2627446525 2627446537 21809
i 1993714913 1976842025 7262
i 1076098817 372775337 12146
i 282710647 1722452954 66108
i 2447948641 2957667100 19538
i 628202773 628202792 37763
i 2961665389 1507151904 7783
i 3103682149 2960209199 16379
i 2863077487 1911128088 27350
i 1816575150 1362388123 61962
i 443854021 436336595 52002
i 768430033 2946261202 10834
i 3563234611 3563292414 5232
i 2832330264 2832358067 13952
i 1529806428 1529806779 30813
i 1270466283 1270466919 22293
i 1775041249 2290890371 9986
i 1536701394 2314467528 49125
i 563322235 740160299 16894
i 1039887868 1039887944 6592
i 402376111 1840347137 2032
i 851898658 851898701 1972
i 1866492947 1867478914 1751
i 1136073723 2283626726 14701
i 2601636708 2603548936 23574
i 1693211800 1693211744 1299
i 1199784465 1270466433 99998
i 1956166457 1956166436 21056
i 2960171400 2764004710 50328
i 1345306450 1345306485 63913
i 2810798096 1039887858 59276
i 1796249944 1796249920 17469
i 3728281363 2111488918 6108
i 2148454038 2148454353 8137
i 1532768938 2505019110 17837
i 1931879177 1863961372 46324
i 2445549589 2445549451 8593
i 2314467673 2322932714 8535
i 1816378265 1813752474 33946
i 1433078709 1489646504 1756
i 1239711921 2838383427 52535
i 262602676 1594948883 7540
i 1814282101 1565002982 40329
i 998206990 3737985700 32790
i 1576592709 848834119 21724
i 3082375792 3082333185 847
i 1534904563 3142541617 10632
i 2453499084 2453502098 22750
i 1657132557 1657132611 66886
i 747278361 747279134 11043
i 1706670102 2447948609 45676
i 1501764309 1501808857 10518
i 690185474 690185461 6068
i 1766434255 1766434129 21508
i 2342987496 2314430899 59826
i 1597548337 1597548334 113020
i 868984337 868983942 9781
i 3165645727 2222721414 63963
i 82274190 82274104 53923
i 1239580643 1239580716 46234
i 2314426962 2302635085 71246
i 1976164250 3224008958 8450
i 2093623673 2093623651 23101
i 598714478 612636176 3830
i 3263007891 2513087688 14771
i 2097039 1338110709 12179
i 1650730500 1650730234 16162
i 572518313 2840523937 642
i 1112497442 1112497326 9814
i 915905836 915905655 52716
i 991719655 1000068930 9333
i 1483301713 1483301698 14306
i 1796249944 12170424 17469
i 1240905950 2331477706 15820
i 1350745979 2731995014 12296
i 1564927026 2626885072 47928
i 1521350011 1524431448 17403
i 2838407303 2838406893 9418
i 2700216290 1544394646 33440
i 1911114255 1796271781 26756
i 2354584680 2951023474 16014
i 1385878570 1340402688 13313
i 782144834 1392538866 28688
i 1931879177 1931879003 46324
i 1242875691 1242875718 23564
i 669876727 947073619 15250
i 280339634 280326348 104258
i 1534465110 1534465217 106551
i 1325633479 832431091 14966
i 1563876466 2509775567 663
i 1795370995 1397015766 31563
i 2314467539 2314467393 31550
i 2785783785 1474611731 2793
i 1713494993 1713494960 6712
i 2070168700 3271064905 5938
i 1563876466 2638138334 663
i 1715812625 2863104204 70321
i 2456850161 847633783 11317
i 1529824074 1529806597 44706
i 1867479202 1867479084 17522
i 2827478466 2827478486 61978
i 1540402007 1532777277 1790
i 3213216091 3213216104 6153
i 1777863617 1777863630 54346
i 1534464796 2333313377 23589
i 1312816898 2314222660 68764
i 1517857069 1517857119 35940
i 1483301880 2749215585 11523
i 2445549572 2445549437 9071
i 1164008674 2300449824 35362
i 521351258 1936423419 45162
i 2960160688 1540387244 45560
i 915926629 915926702 16854
i 1067956187 1067951723 14519
i 1507064644 1507533094 24485
i 418214114 2460535631 6867
i 2455444409 2455444120 63565
i 2451002800 1766136758 20921
i 1768368473 1768368520 959
i 559437863 1839859952 23194
i 1413009412 1350745585 46908
i 2574457155 2574465940 1280
i 1385878529 2557813688 27226
i 676819513 810439943 15878
i 1270466953 1270465852 4129
i 2512800828 372591220 4796
i 823729164 823729356 8829
i 1481722474 1704270750 37498
i 1704271260 3417617542 28533
i 1309544081 1309544009 20876
i 791769166 791769205 4679
i 2022041798 2022027311 15376
i 1796808706 1931879686 1819
i 2164522790 2627443545 61894
i 2164522790 2627443545 61894
i 476807326 1076111858 12353
i 1750232079 1750232204 19617
i 1440445481 1440445612 13950
i 454960747 1767678327 24627
i 1602056634 2111925630 8731
i 2255242326 2255242684 8214
i 1392907631 2627443716 98033
i 445726505 3169327695 1546
i 868984444 868991125 6745
i 275032904 275032885 2234
i 606333518 1315902686 1431
i 2397098184 12160152 10719
i 669868890 2433950311 4474
i 1837041444 2875900783 18722
i 3120823905 2334614832 2742
i 301064570 659755636 18167
i 445726505 3217821767 1546
i 1952743434 1952743517 7478
i 2164522775 192297908 10128
i 2404713608 2404713606 18863
i 1839538056 1839538138 14822
i 2016254 1153784935 67655
i 1309543969 1309543786 4283
i 3731635272 2623755579 54826
i 2171566035 2434000174 27281
i 1240905454 1240906026 36861
i 1357628613 1357628878 1181
i 2634884075 2634884120 37084
i 576645401 3414905722 14855
i 2634985226 2635139934 32083
i 2638137840 2638138018 7048
i 1706670102 1799732274 45676
i 2070137272 2070108867 26229
i 2343307175 2343307396 10350
i 1501731213 1501764636 26184
i 1483304105 1049166524 16109
i 2075404590 2075404587 5115
i 2445549578 2364027177 26959
i 3147982652 768429856 9569
i 2337786211 2337786183 13035
i 2101941721 1309543944 64563
i 1719007061 1719007065 18666
i 690185474 2445657099 6068
i 1796808706 1796808682 1819
i 1952743434 1952743521 7478
i 612597782 612597818 45914
i 2603547904 1380524114 10514
i 1440445481 1736277777 13950
i 1839531779 3018212849 19393
i 1680015829 3425192712 20876
i 2111489224 2111489289 3728
i 1450710710 772922315 2836
i 1516328911 868983543 23550
i 1821316802 3224001031 16726
i 1507064644 1507064589 24485
i 1837350844 1837350823 79743
i 1456610188 2574498960 6009
i 1529806861 1529806679 28859
i 416885395 1678262117 38905
i 1933382327 1933382312 7793
i 3099785908 1274883863 151680
i 1814282040 1814281471 19459
i 1795370997 2118329059 5189
i 2818160770 2691091514 109691
i 773196742 773196678 56173
i 392601 1815064500 37018
i 2354863552 3737714588 37945
i 2077483993 1911654496 7837
i 2073394133 946559717 114178
i 454960405 457252521 650
i 1195828713 2689953858 8387
i 1182555604 1067953019 32973
i 1860662010 1861459976 4407
i 1001511636 1008365872 2915
i 1309543719 1309543913 16602
i 1880437826 1650730034 27743
i 3016944438 2322943408 210725
i 1099497679 1099497604 28526
i 659801652 3228683540 66719
i 1271930164 2977232401 3412
i 2322058512 2322058638 67864
i 1804273270 1804272940 71983
i 1182555604 1180984658 32973
i 797029720 797029699 28541
i 1976164250 2948989093 8450
i 1521813116 1521812893 2415
i 1290237427 1290237834 23829
i 521351249 1936423366 22913
i 851659814 2574499129 21739
i 454960747 454960915 24627
i 1837357316 1837357313 35587
i 3413331556 3417617305 26724
i 1046037455 1046037539 3946
i 1563876786 1563874428 21017
i 1033424379 1033424721 26306
i 739123101 12160416 31132
i 613294345 660539110 22533
i 2178143037 2294776590 42073
i 1241670254 1241670681 18605
i 612597784 613157527 42703
i 1308884297 1517907225 1033
i 1931385349 295879253 8259
i 1309543880 1309544076 8784
i 3263007885 2513087405 20144
i 1816270474 2747837967 965
i 1325625522 1325636751 17101
i 964948230 2416018034 9146
i 2284218085 2478820657 35990
i 402369418 415347023 8421
i 1180984364 1180985944 7167
i 832676279 2255242502 51472
i 1350745979 2731994808 12296
i 677495546 697317909 43340
i 614495330 17861671 7460
i 1394217495 912641163 14410
i 603097725 2137047574 15500
i 791769166 791769261 4679
i 1814253422 1859952000 97157
i 1179154106 1179154121 18678
i 2092716051 2700219543 21538
i 2300498145 2834372562 46484
i 2639925034 1521810374 112958
i 476839172 1422776600 9925
i 2255242013 2255310146 9900
i 26209739 335418108 219820
i 1760352111 1816270860 17399
i 454960747 1767678331 24627
i 3222215417 327372202 108162
i 3222215417 327372202 108162
i 3221935454 3221935388 6706
i 2375976057 2375976042 8319
i 2375976057 2375976126 8319
i 1033424645 1033424281 2079
i 1796276911 990062625 3760
i 28195508 28328699 50906
i 849378719 2513747336 16008
i 1136042159 2283626687 1853
i 2296497102 2296497571 78990
i 1680015781 3425148743 21638
i 330155792 330155782 19922
i 902722435 2355065704 855
i 2863509088 2863504524 6741
i 3595135025 3595135328 19330
i 2137045830 2344443603 13895
i 1544394809 2700216051 9464
i 82749649 2108746253 33928
i 1950561855 1950561795 1287
i 2270460859 1536672743 214174
i 1172445426 2362015813 11847
i 2700216290 2700216748 33440
i 1328780796 1683180088 245428
i 1625406121 3425192732 7869
i 1540402007 1540401452 1790
i 2322049743 1590388963 12212
i 1240906157 2836554359 30873
i 1523183529 2534336815 9305
i 2356107964 2356107345 6125
i 101084373 1704271128 9896
i 3074900891 2336795205 41682
i 3220689039 1864701771 27967
i 2336795280 1534144864 6215
i 1033424615 678290558 25013
i 2402524590 1827291009 205
i 1931387374 1023688217 7108
i 393694 2922343077 39170
i 2343307175 3223992562 10350
i 1489424173 298095031 13467
i 2363178627 2090190571 23555
i 1271930164 1725651133 3412
i 2356147314 2356147331 11590
i 3215543281 3215543425 3480
i 1950561855 2698267587 1287
i 1456610188 2574499013 6009
i 1760352111 1680787920 17399
i 1576855477 1576855287 12706
i 1955846387 1795382740 16008
i 2607287718 450636 10810
i 1597548419 1499999336 65888
i 1840346483 1840346720 16914
i 902722435 902722729 855
i 1534959606 1534959621 18863
i 614495330 660912741 7460
i 2632034563 1353380 89978
i 1180984364 1180985678 7167
i 1033424645 1033424465 2079
i 1895356322 2349675985 55738
i 1109972117 17861701 10540
i 1795635624 810262818 27606
i 1362472987 2400614573 34
i 738004220 402506985 26983
i 1068886549 1068886556 98341
i 982050226 1270465989 7333
i 1240905950 1240905744 15820
i 1388914757 2959920504 19404
i 595664138 3204486662 38261
i 2600066881 2598668883 92627
i 738004220 2513889503 26983
i 3049415306 2574499043 21771
i 1037325739 2167862181 64058
i 796544403 276916215 35944
i 698801003 1950651524 12739
i 1816270474 1816270313 965
i 394688950 1905011451 1885
i 2621480549 2960186781 45081
i 1683127301 448681914 126007
i 1048834968 412062234 36102
i 1521669563 1324641809 111598
i 1717430003 1712343627 34527
i 576613042 3247669101 18994
i 604108084 661823105 16983
i 2356107964 2355313283 6125
i 613157470 613157447 35604
i 2021925355 2021925195 29262
i 1510547045 1963448472 10830
i 613157470 612597668 35604
i 362177645 2410725295 34157
i 1516334396 1516344538 21357
i 365742895 365742908 25263
i 12168559 12161363 15685
i 1270466501 1270466537 10302
i 1516337833 1516248132 69810
i 2455444409 2367240218 63565
i 1412140045 1412139976 31454
i 1598912982 2694839586 27699
i 3247827467 3247827690 50849
i 935387381 935387399 65285
i 928459844 928459825 434
i 1933373591 1933373648 26239
i 851660095 3049433261 11065
i 1311779648 1311779276 35182
i 3046443601 3046443600 21038
i 2137526780 1536655794 35971
i 1534464796 2327908759 23589
i 2354789894 1760352501 40334
i 82626895 965879801 200867
i 1602491955 2356163354 38169
i 1777915886 3594824974 72873
i 1511287359 3147982146 13196
i 1511287359 3147982146 13196
i 276916419 796544544 23377
i 823729164 823659680 8829
i 1542080610 1270465023 21115
i 1719007061 2536889714 18666
i 1529806656 1625952242 37788
i 1534464796 2323381734 23589
i 416997044 416989432 45149
i 2363116410 2960158916 29089
i 797029720 797029812 28541
i 1625951856 1625952063 15270
i 1505192416 1505194833 39664
i 2960269862 2960238153 7407
i 2698269632 2698269396 6552
i 444464112 2450322217 57074
i 2404713608 2342430297 18863
i 996123123 435279122 245583
i 2942056454 1539913397 37528
i 2093134833 1536612621 9446
i 2423868713 1858800428 11172
i 706210478 695559772 25860
i 1349025135 1350689736 12361
i 270650086 883463690 8946
i 347293461 347293431 10734
i 2368710003 1543170674 21723
i 1941615739 1941615275 24787
i 2390515569 2390515610 39601
i 1179154106 2589344019 18678
i 2070168423 1683113145 13046
i 2073394426 1290237273 46474
i 843014052 843014083 16959
i 17780421 17780485 41329
i 1241671443 436217496 26000
i 1887669229 2157052075 39013
i 347293465 621538974 24066
i 1102089552 2135357658 44481
i 2834386181 2300443080 15203
i 793984824 793948291 74394
i 1866492866 1392327594 12672
i 2422998828 3185000980 2160
i 1507340496 1501809077 46804
i 1627000292 2390515567 145005
i 1271798984 3215551214 29090
i 990053111 1515582661 37068
i 1507348313 1509739376 38351
i 1400838549 384483877 14316
i 1868250107 1868250134 138451
i 1816378265 3000810022 33946
i 445832799 2450979035 16728
i 705474086 2635414729 25403
i 1544010522 2785653818 14665
i 444465306 3052215450 12257
i 444464112 444462807 57074
i 3715641151 2076128717 2684
i 1469712413 1469696682 150232
i 2001732559 2854552662 34856
i 1535412788 2336879202 56325
i 359928647 2283479530 90942
i 290902382 2836604064 4643
i 2087759 2087783 8922
i 60078772 281243179 119843
i 3221933757 362177499 33693
i 851666397 851685280 6649
i 1068886549 2405374680 98341
i 1768631067 1768631199 2150
i 1278651118 1564927259 17411
i 1510547045 1510545218 10830
i 1506403207 1506551595 24947
i 444465306 2610116861 12257
i 1499999893 1499998216 14917
i 628202773 1426489712 37763
i 3673901192 345581015 100859
i 3715641184 3073283477 2924
