Question 1.2
size 2436


c 298251056
Points and their infos
i 961978216 961980602 7298
i 2055174021 2055174025 215
i 504631319 504147823 8494
i 1788327934 1788327938 1210
i 1395275094 1396853414 3551
i 1964829016 1964829015 3255
i 971860666 971860709 17430
i 2645951964 1297156927 15147
i 2593631829 1010595270 23000
i 3377124959 3377124956 262
i 655425474 642367464 8144
i 1023349702 1023349477 8154
i 1678223290 1678223286 4210
i 1521810291 2947939568 2329
i 1608970778 1608970774 32460
i 324538811 1195602101 1249
i 307446630 339259762 8718
i 2055664581 2617518101 1234
i 267122516 267122583 4442
i 868481966 868481949 2458
i 846599679 846599719 2357
i 349337740 349337752 352
i 2453538334 2453538279 16664
i 1552413275 334290764 13766
i 846600261 2931555116 4627
i 1870581987 325225462 1185
i 1206455706 1390636688 5188
i 1029974632 1029974253 22443
i 26242460 1195201979 7850
i 1531141347 881874053 396
i 1835245244 750483295 3781
i 2013554934 1884078410 12722
i 1747876579 301509819 4752
i 2786985156 655295742 20656
i 344323916 344323917 3083
i 307802563 2051898317 1464
i 1743214363 2402942787 6247
i 1797285987 1797285997 4794
i 2088970827 733985563 2985
i 3276698082 666927781 8616
i 1201619567 945742725 4611
i 1023349368 1023349339 2616
i 2387694742 2387694756 7927
i 664863509 664863526 4533
i 998727142 998726741 13212
i 325224703 1975203838 3351
i 1656276126 1656276161 87340
i 351741652 339259677 3219
i 1395275176 1395275179 103
i 1695940031 1695932830 4452
i 324538700 324538911 2669
i 656442733 3377493301 826
i 2113246138 2113246131 48436
i 973570831 973570814 15333
i 1275666430 2348227526 2212
i 832893967 833103209 23595
i 919094347 919123343 9265
i 271290861 201609831 2180
i 2466334981 2466334944 10145
i 427624371 1281746622 50395
i 1512658976 1494086186 6858
i 1645474984 335441839 16352
i 528711205 514179401 377
i 31919939 630737562 1857
i 2332965735 1797286010 1803
i 505909959 492613724 131669
i 1684111253 1684111254 6701
i 490206362 1177242228 14506
i 1648969672 1691684954 3758
i 2184447791 3333026611 435
i 267122516 1573907914 4442
i 307446622 515668788 4940
i 1200630522 3108727378 42200
i 998762760 998726927 12445
i 1275666388 1275666362 2220
i 812149168 2055664704 895
i 1497279243 423812710 833
i 394761944 394761946 7910
i 3303133035 2017899387 15132
i 1675688977 1631730934 14754
i 1491722709 1028587915 1063
i 2555855925 2555855930 2736
i 1510466785 1510466672 1488
i 307446622 517341994 4940
i 1202172513 1222313667 6744
i 478618646 478618673 978
i 642945966 2925962563 4780
i 1692302170 1692301972 10770
i 641270004 307802310 25535
i 655425479 655425481 3659
i 3086424131 2645729990 10465
i 456092169 3562168995 2233
i 881649411 881365804 38548
i 457121373 1551733819 2115
i 201576373 2161013482 23976
i 1435646458 1377807996 4065
i 608396577 2153746937 11266
i 1279165760 1279165742 4410
i 611722214 1552412835 1232
i 1313056366 1313056337 5760
i 2436875187 694323391 744
i 1510379087 1510379067 1026
i 2406928344 2406928350 1281
i 3362351822 942873516 3471
i 998726510 998727140 1723
i 660615680 960169448 2579
i 521692435 1510162446 764
i 1276000387 2347203035 7175
i 1027032850 1027033036 498
i 1678188175 1678188188 8493
i 1202172607 1202172474 3799
i 1882752020 1882752097 3431
i 2226499013 2226499047 8621
i 1037806181 1037806440 7960
i 768125937 917553151 7
i 1510379088 1510383852 4290
i 2050359452 2055174029 756
i 1521812948 2932033974 60713
i 1552412198 1552411728 8387
i 1312764059 2387272726 2422
i 321215790 321215799 2039
i 1648969073 1648969131 4991
i 2002492369 2002492368 2542
i 1299405140 1299405143 4606
i 55394768 55394775 24548
i 2406928338 833509071 8134
i 1596144869 1596144301 12856
i 394832914 1454795620 13091
i 779862234 608107676 16190
i 3287828707 3287828693 19282
i 2406946027 2406946025 4377
i 1201619567 945704881 4611
i 1840898641 339259681 5602
i 632557909 632557894 2431
i 1682283454 1682283249 63709
i 1068125174 1068125315 2102
i 1719812753 1725715357 1590
i 1267752715 1267708439 2088
i 1394251204 1394251201 2323
i 1302679448 1302679496 179
i 2361390291 2361390285 334
i 1757273075 1757272427 6516
i 1158331115 1158336840 4036
i 779862197 608107679 5849
i 760333594 2090956636 6411
i 1573907965 1573907879 10067
i 362721003 362721023 3074
i 1838815726 1838815621 4060
i 165219550 679458710 5774
i 1687392799 1687392825 1484
i 1623733002 1623732975 6981
i 875677862 875677844 29801
i 797841166 616719983 1704
i 763541554 763541648 1197
i 1203631376 1029928430 3353
i 1488587374 1488587379 2864
i 2013554934 2013554996 12722
i 918962459 1494443052 2692
i 2436875187 685950326 744
i 1627297054 1627239426 1136
i 2266238480 1899021150 9570
i 1770438043 1770438049 16244
i 324538796 324538813 4274
i 1519510471 1519510625 4311
i 191965784 338452056 5307
i 1302679604 1304669839 13177
i 615730290 615730294 727
i 2123668943 447878303 6752
i 1710127748 394760964 6822
i 1275666412 1678267395 4946
i 1687030937 1687030939 11664
i 1024809003 1024808993 34593
i 998727111 998726581 2542
i 514884809 2436875171 3416
i 2101786996 1705782287 2589
i 987625215 987625131 1137
i 632559567 632559576 3117
i 660587060 660587057 2428
i 846599716 846599728 2946
i 1867932779 1867932748 9142
i 306650186 1347085364 4671
i 687373939 1678302553 2731
i 3168854830 3168854827 5649
i 1022511714 1022511783 4043
i 1302679448 1302679693 179
i 306134073 306134078 8818
i 1764284490 1764284489 4623
i 1699473013 1699472446 11433
i 777419785 2098310676 1499
i 252014201 252014221 1807
i 1804950404 1013562845 7912
i 1104545604 1104590766 11905
i 2055664661 811194297 4359
i 1369871054 1992218487 6277
i 998762617 998762791 11982
i 1882751959 1882751875 5934
i 624278173 624278164 1334
i 632521477 632526983 349
i 1352331147 2628829574 7209
i 1275985058 2814988483 3647
i 1207824019 1207824054 1340
i 529503305 448299526 10422
i 2626072609 2626077805 73093
i 611722214 608418249 1232
i 1648969522 1648969386 5153
i 1138807042 1138806995 4095
i 899629289 2989599278 48257
i 1497279243 1497279244 833
i 832795689 1891804409 15940
i 1226064737 1666176129 5370
i 3362351822 942873629 3471
i 1109378838 306619949 134804
i 1757272369 1757272356 4083
i 1757272369 1757272356 4083
i 1743213563 1749471418 12
i 2544023335 1723757003 8945
i 3322825384 3322825617 24261
i 660615175 660615671 8912
i 2747692859 2053086661 26094
i 1302679549 1302679599 1834
i 1207823994 1207824171 1911
i 919123292 919123027 307
i 300876092 264020053 1826
i 1702905058 1702905041 378
i 1186270771 2515110709 12505
i 1600485367 1975203802 104
i 26024590 300876084 4683
i 1709122085 1709121863 81
i 2101564631 2101564658 901
i 1748526290 2054326960 555
i 998762464 1029806476 6885
i 726663422 2569398737 2947
i 1508461449 706859584 78
i 26024637 2194206019 28241
i 1748526290 1748526085 555
i 1711922224 1711922243 21947
i 2650865883 2650865861 19991
i 1699473013 1699472356 11433
i 656083014 656083020 6214
i 630747460 738940656 5958
i 1483276021 1483275915 10754
i 961981135 961980547 724
i 1037806088 1037806447 2309
i 1037806088 1037806447 2309
i 998726531 998726978 2120
i 636038111 1738016957 1650
i 276580719 268024841 9840
i 608114166 608114172 12408
i 674489292 674489298 4473
i 1664520305 1664520242 4305
i 1648969314 1648969194 576
i 506571950 102815357 2564
i 1510152477 1510152490 15696
i 1045339798 1045339822 7562
i 429541058 256747990 8926
i 2915801825 2915801838 18955
i 1023349368 1023349407 2616
i 355870393 868320642 320
i 989410807 989410562 526
i 1975203858 1975203862 15275
i 599311323 599311324 5299
i 1029974893 1029974481 1370
i 1175865343 1186588491 47402
i 2131062002 2131061986 385
i 1600485367 1600485385 104
i 2055173988 2055173986 1576
i 2466334978 1512658244 13819
i 107684778 1069279193 1528
i 1743498053 1797285930 713
i 26019444 26019438 28
i 2264694040 2264694015 19381
i 51119487 1373742623 55132
i 2024814579 2024814702 23082
i 667760913 667760903 21381
i 763541516 2361390283 741
i 333751884 378196728 2408
i 25973847 25973850 488
i 1713154626 1713154539 29713
i 420382856 1176061192 14140
i 1275985058 1275985620 3647
i 1904078106 1374396337 21340
i 1296016472 1296016090 678
i 876345662 875669286 11923
i 2237197455 1435369632 35880
i 1026261617 716947340 4815
i 1488744557 1488744560 10020
i 338453932 338453993 7126
i 2073918598 919123332 1936
i 293489517 1337693723 6594
i 1600485366 1600485352 2854
i 1835016078 1838815699 8032
i 1023350071 1023350244 3330
i 1028587902 1874733089 335
i 3174488563 271613782 19517
i 457121342 457121351 28426
i 1790176684 2834155024 94
i 2406946027 369091812 4377
i 26035726 26035724 3630
i 1962947096 1962947099 4604
i 3670851099 3670851086 54237
i 1430815958 1430815510 6943
i 1954714253 1554271492 17481
i 1482759852 3075544969 10460
i 777419804 734700095 1053
i 945753563 779110512 14603
i 1654280678 1654371002 9614
i 1609365487 386080107 9616
i 2090946585 3372703085 1671
i 2490747629 2490745667 69122
i 209031611 208991461 28029
i 1028587902 1874733087 335
i 1690132206 1690132204 5740
i 1654370975 1654370989 3863
i 28019914 1783506690 44536
i 1312764049 2455578012 456
i 1315399999 1315399909 3638
i 496980447 496980441 454
i 1834838927 1838815601 5853
i 1310367425 1275985425 5168
i 1595400526 1595400589 21160
i 833769343 1261083625 12554
i 1870583478 270959389 6125
i 1198582253 1202172865 10751
i 307452516 318380216 2168
i 504147862 504147855 6685
i 2055664646 2055664633 20185
i 2490928935 1022511786 3231
i 1475050801 3669055905 1379
i 270052426 26270299 1847
i 3188829034 3188829054 8574
i 105457586 105457584 12126
i 3380454604 942007069 4924
i 1727767026 1764106832 67053
i 2073918591 2073918589 418
i 2332965735 2332965706 1803
i 2440807963 2440807959 3610
i 2055173988 2055173990 1576
i 1427124026 264991887 3262
i 1373562722 1373562720 1526
i 1275984977 1275985497 3792
i 1430876907 1430876909 1564
i 1395275063 1396853402 528
i 475232692 2788764824 19870
i 613613881 613613883 3812
i 1475050789 1475050772 6403
i 1743497992 1844116847 6309
i 1612992533 1612993252 3162
i 613613874 613613870 3600
i 513086120 513086133 17409
i 833769343 1261083754 12554
i 2089275746 516039935 3328
i 2406946033 833508916 1913
i 2055664544 789550432 1718
i 823586819 1664583644 855
i 1664520305 1664520270 4305
i 970586574 970621133 29784
i 3259679954 3259681676 15013
i 1616139051 1616139059 10127
i 608495571 610465280 5313
i 353044694 1305026549 1292
i 105457550 105457546 4232
i 846597883 846597925 3371
i 846597883 846597925 3371
i 1452303495 844164734 102280
i 1202172607 1202173003 3799
i 1022569491 2770884115 11919
i 1531141353 696075768 1658
i 1056542893 1797285755 3448
i 399486811 1788597301 43548
i 300876028 630732719 8613
i 1713154758 1713154801 5715
i 1405974821 1405975212 10762
i 3342096372 3342096357 50722
i 1870583478 534121681 6125
i 1743498053 1743498278 713
i 338484496 2296746893 10936
i 664863521 1071215391 1257
i 771223418 771271464 6836
i 165219550 1591601684 5774
i 2052464474 1802755954 19992
i 608495571 608495611 5313
i 2149451439 2149451535 1514
i 394835484 252407258 299
i 608107685 608107682 2296
i 1462143128 1462143108 1186
i 2153746918 2153746924 5
i 1754677677 1712784622 5590
i 2090954983 2126107291 12840
i 2094679437 2094679440 1254
i 1678308995 1678308987 602
i 2037484165 2037484176 6733
i 3408881271 3408881270 143
i 1691719244 1763090117 25931
i 2078702648 942888604 26477
i 1834838927 1838815701 5853
i 1307640426 1462143121 1956
i 1723884294 1723884802 109080
i 630747469 702881745 1928
i 777431052 780607570 7015
i 1648969314 1648969190 576
i 1564284957 1600299636 180546
i 1510162558 1510218963 1522
i 1510162577 1510173030 7898
i 2099486526 917552851 1281
i 1870524830 3274748358 2715
i 341410576 341410050 2606
i 339817557 349340797 12467
i 989410807 989410677 526
i 1475050705 3408881266 8645
i 1388567609 1843162449 134049
i 1519510684 1519882469 7747
i 504631317 504147717 8835
i 868481966 868481903 2458
i 1747876579 107684965 4752
i 608495567 608495565 893
i 3322825366 3322825193 27384
i 610465205 599971445 2941
i 1420780658 1831516798 2040
i 1788327948 1788327954 2466
i 1207824010 1207824210 110
i 886438138 989410214 4460
i 1839665585 1840898649 2245
i 1015128121 2339085261 28411
i 1369871101 1369871112 6121
i 3461286872 3461286881 13186
i 943146142 928025580 2166
i 1519615310 1519993835 2860
i 1430937974 1711171956 11701
i 1312763928 2442332546 21949
i 642946057 642946043 1658
i 2101564631 616729970 901
i 441299576 441299288 2116
i 1305026569 1305026500 16342
i 1083405560 1395275199 7864
i 1602267115 1602266797 37033
i 998762603 972475084 8849
i 1880644492 1880838889 282
i 304764217 973852996 7709
i 1195662761 1195663154 31002
i 1198582253 1198582407 10751
i 973860528 973860459 20989
i 1168142721 1167163625 250
i 2601804730 2601804723 2865
i 2091430671 3372703104 2485
i 608107716 608107711 6755
i 860698971 860698973 3831
i 1612993172 1612994150 5540
i 677935639 677935613 1982
i 616719947 616719968 9949
i 293486362 1780866596 16728
i 3268908613 1430815457 13296
i 490218543 660182915 9625
i 1520103654 3018215849 9373
i 1828925506 3565794161 17381
i 355870393 355870422 320
i 998726644 998727194 1839
i 1747499586 1747499611 26531
i 1376229799 522467094 3147
i 876242041 876242113 13393
i 443316658 471702532 4628
i 998762765 998762686 4771
i 3255201933 3289857601 20316
i 2406928344 2406928315 1281
i 884616545 884607111 2508
i 993922276 993922310 18422
i 1284047833 1359215139 48962
i 349337611 2918405073 1064
i 1396853969 1396854034 3553
i 600451293 1932251626 1786
i 2073918594 2073918588 1088
i 1369871118 1369871150 14392
i 2637173667 3408881273 11965
i 1870581989 1600485481 12671
i 613613871 613613862 4732
i 2402477031 2402477032 4532
i 2484906556 2484906643 1338
i 1631731059 1675688984 2140
i 325224703 1600485464 3351
i 1462143106 1462143140 11020
i 1489558797 1489558723 16561
i 2051200948 2094679505 29410
i 2345401536 2345401561 12884
i 26525645 412476001 3649
i 2653738765 522466838 4698
i 2406946033 2941538967 1913
i 1329776732 1421143460 4240
i 1360167591 854362609 52750
i 1844677035 2456524205 3115
i 271290861 2908988066 2180
i 269304907 2587235466 60
i 1024762303 997832371 60810
i 2112102962 2112102951 28349
i 286642675 1421757210 17886
i 1375809568 3483811494 22217
i 2055664562 812149241 8500
i 482676763 517342162 416
i 2063775646 2063775697 13183
i 1175025790 1175025826 2333
i 1293197197 1345669562 3539
i 777419804 777419700 1053
i 647232366 332537575 50216
i 697034528 697037962 9291
i 1608969271 1608965869 74314
i 1549090583 1549164352 12621
i 1743497962 1743498002 5668
i 3246066275 3246066265 2644
i 1709121656 1709121451 1668
i 1375625920 1891797114 19138
i 1511937298 1511937286 45245
i 846599716 846597910 2946
i 1022511713 1022511778 2229
i 264020063 264020065 818
i 860698971 860698979 3831
i 648896372 648896370 15128
i 1772589684 1772589691 20319
i 1390636667 1390742732 4923
i 1141116988 1141117116 4308
i 1268177722 1268177824 14294
i 1912621590 1912621588 935
i 1912621590 1912621588 935
i 919094335 2073918599 6773
i 3408881271 2637173712 143
i 846599679 846599701 2357
i 334630610 1140796813 4838
i 1280372111 1280372113 2060
i 2090964100 2093218957 34
i 1109041629 1109041639 20870
i 2435110893 2435110636 36809
i 1757272435 1757272326 315
i 2153746918 2153746915 5
i 2051898147 2051898116 1397
i 1393935569 1648249712 4008
i 2441696612 1713166458 107231
i 679458809 679458769 1565
i 983527785 645103902 28800
i 1880644492 1880644348 282
i 3380454602 942007181 234
i 1679441998 26120992 4828
i 1510296886 1510122048 767
i 1418236421 3271364097 69225
i 998726874 998727133 2725
i 1631731193 1678220781 17217
i 1480232808 944272082 32744
i 1687392799 1764106771 1484
i 264020073 264020082 16977
i 338452109 338452211 7884
i 2097804798 1299405142 14345
i 1218632339 1207824013 1392
i 919327628 919327929 314
i 1469319863 102881645 28781
i 1675689078 1675689004 9362
i 1271319162 1271320820 2068
i 3304670117 3304670118 15700
i 1743213586 1912621718 1460
i 2484144783 33990213 101658
i 632661256 632685956 26372
i 2832775917 35828464 11662
i 1396853992 1396853995 408
i 1374396369 1374396353 10881
i 1302679494 1302679683 2505
i 961288075 995771807 8263
i 2090984832 2090983894 6648
i 3380454604 3380454609 4924
i 1839631768 2141085238 2278
i 942876201 942888628 4821
i 862326622 2831931951 10635
i 1483275995 1483275938 2118
i 1390636629 1390636671 173
i 1691719329 1691719237 48515
i 2578661123 2528387070 39402
i 1086913283 1676271941 10536
i 1369871100 1369871095 11760
i 1369871100 1369871095 11760
i 1251024574 1251024516 46596
i 480709565 478618764 777
i 642945968 642945969 1045
i 267122401 267122487 5312
i 1499975925 1499976030 21939
i 26525645 26525629 3649
i 1312774674 1312774780 12030
i 429434803 442123488 36679
i 1405975726 1405976094 10261
i 252012791 296238226 50758
i 1664583600 1664520217 2743
i 613613871 613613864 4732
i 1992222171 1902395854 1605
i 817324209 300989526 6586
i 461700045 461700044 1716
i 1242960483 1242972886 7079
i 325224363 1975203852 4923
i 1523467894 1523468060 1102
i 811207598 812149231 4099
i 491225133 1665851052 24616
i 679458970 679458889 2463
i 833711471 942007272 881
i 1150882129 1150882116 89508
i 2055174039 2055174040 10520
i 1395275158 1395275170 502
i 1635436827 1868333040 10903
i 3318960812 3318960797 13905
i 202846489 202846485 4087
i 983443716 983443706 45465
i 1885252214 2622897676 779
i 1992222171 1992221983 1605
i 40182711 1731671260 15433
i 478618646 351749891 978
i 432835232 875656758 8983
i 338454002 338453994 21921
i 1419330202 2493914421 7739
i 1419330202 2493914421 7739
i 1612991969 1612991483 328
i 3240785467 641269955 4078
i 480709544 506108605 17753
i 1302679533 1302679469 1814
i 630747301 639150169 2108
i 1639431593 1639431573 10695
i 1174369890 1174375379 76866
i 633660077 633486412 7962
i 1676273210 1676273235 3205
i 393525266 393525272 1733
i 1667128817 1667128807 55113
i 1600418241 2018900270 7773
i 1574083315 403897894 1405
i 480709557 515668764 2783
i 39827279 2101574105 212
i 1713178559 1713248972 6762
i 923142896 923142830 36889
i 107684630 1418582566 4831
i 624278155 1738005492 5025
i 2347261975 2336843983 1078
i 2130421154 1312706209 2177
i 986796549 986796633 5940
i 1419330249 1592376930 18329
i 944012835 944012505 3129
i 156983345 156999493 51055
i 1690132239 1690132240 1587
i 876345438 896297577 20425
i 632557896 1482759847 356
i 1573907967 1573907909 1699
i 616729992 2153746866 38
i 1879965150 1879965120 698
i 2633283660 2633283664 7420
i 443492174 2083222571 4333
i 1654370980 1645318727 129
i 3456049545 3456049535 2568
i 998762808 998762587 1847
i 2406946035 833509043 104
i 812149188 811209907 1306
i 2941501591 2406928228 7092
i 1510162558 1510218989 1522
i 726663428 726663430 14557
i 2051898147 2051898136 1397
i 766661011 766660996 10402
i 1029974469 2025794202 10431
i 1749471497 2045784778 13980
i 1396853766 1396853734 375
i 1206455706 1390636647 5188
i 972474988 998727103 4950
i 1912912239 26081458 1302
i 1425530997 1425531012 1717
i 2601804730 946172929 2865
i 262458491 608495600 7817
i 852123115 2034717905 30075
i 1690132262 1690132276 4213
i 1141102656 1141102558 6276
i 1979754727 2284654489 3276
i 1384352720 1384352628 30596
i 660584273 669441434 7943
i 1245794083 1245794235 10268
i 1880823099 1880823097 8084
i 661022463 661022465 596
i 1511916542 2199420 67348
i 1737993860 970824367 17332
i 394832914 1454776956 13091
i 1027032850 1027033154 498
i 2061549023 945742699 3133
i 1114966699 85683976 1243
i 197870588 1037805943 8764
i 1179249472 1175167876 13363
i 2313976477 2314699363 6294
i 3128913122 3128913076 43136
i 1023350239 1023349953 560
i 393525266 393525273 1733
i 2440807981 2440807967 110104
i 1510383863 1510379094 3856
i 354978273 2069038923 11840
i 1428647566 1428647589 15212
i 535213846 535213823 1336
i 319607596 1420694164 28789
i 1359023598 454478670 62366
i 1675689064 1675689080 43490
i 600451194 598942576 568
i 1395275186 1396854080 3915
i 1141116988 1141117256 4308
i 986796641 986796547 914
i 1935068551 1589003655 7945
i 3372028870 3617801205 5971
i 1713154675 1554275620 5827
i 1873659252 1873659163 5755
i 2149451439 1670691271 1514
i 2058534221 2010395374 485
i 1879965150 655305012 698
i 32046279 1591602221 16139
i 26305814 34088574 295
i 946184079 2051898004 2965
i 961981097 961981976 6947
i 456710060 27733963 8204
i 1522242766 716939045 5098
i 1092047961 1098245851 49070
i 1719812725 1725795015 18792
i 1276000801 1276000623 1014
i 1938827282 1938827309 14036
i 1206455375 1390742794 5223
i 662370288 3151456381 4507
i 1602536586 1602536417 9256
i 609299248 608495563 347
i 2063619397 833396146 51332
i 1218632327 1207824045 3942
i 1489353149 1867709136 85999
i 1982693756 1982823899 7001
i 735013809 741549010 11340
i 778232294 780607751 1413
i 3380454131 3380454120 6664
i 1510255923 302934302 19168
i 2093222214 1450904229 3404
i 1425530997 1425530993 1717
i 2476422891 2476422889 6536
i 990631445 1636460808 9575
i 1690702985 928025605 625
i 1678306646 2122379896 1704
i 632521269 1799097798 11683
i 880876541 2468325374 20991
i 282530691 282530705 21416
i 393527473 3019827268 423
i 2051898147 2051898176 1397
i 942888596 942888619 4071
i 2783539229 2363090654 1659
i 35788559 35788564 2499
i 2714902660 2714902470 24552
i 1629418840 1823318237 41352
i 2051898286 2051898265 3035
i 1880644383 1880644422 57
i 1290002861 2526999783 7966
i 3091347994 2471306259 4400
i 598143353 3006675619 12925
i 3727410868 1263744180 5413
i 1483275996 1483275955 949
i 980789992 980789056 48117
i 269304907 269304910 60
i 1347020642 1354967742 2935
i 2876191828 2832775940 6308
i 1010597424 1010597423 23605
i 1612997860 1612999455 3531
i 1415744693 1415744692 540
i 2325524332 1585108737 23168
i 1880644383 1880644490 57
i 3060535674 3060535782 18717
i 1623733006 1623733009 1038
i 1640475825 1640475934 6052
i 1312706169 841997411 3252
i 1690132239 1690132235 1587
i 614240859 614240852 2453
i 1313056195 1313056209 4747
i 2428964182 26120937 5211
i 2069666336 1250809963 14091
i 608396583 2153746885 975
i 1406964958 496980570 448
i 1377417580 1377417566 61082
i 267122401 267122403 5312
i 534002443 1600102954 1138
i 306134073 2055174057 8818
i 1870550498 2093661953 726
i 1141102475 1141102586 1303
i 1349069647 513773429 12356
i 2037484165 2879905068 6733
i 641269950 641269952 5007
i 1203631376 1207824032 3353
i 475232497 894496303 29377
i 25983704 211274365 1095
i 1988929578 1988929358 10872
i 1988929542 1988929537 5503
i 919123292 1666176122 307
i 2356452623 2207312953 12895
i 616729965 674489290 304
i 300876028 264019963 8613
i 3414582898 840707943 43824
i 2130421145 2130421159 2951
i 1710127707 202846862 2690
i 726558592 726558526 5602
i 3315629791 2503161365 37624
i 1415066895 1415066806 89692
i 331742266 303501176 4973
i 3461288330 3461288319 8121
i 1913319374 1600002257 191794
i 877216793 877264194 3720
i 528711250 514179677 4006
i 1369871145 1180855958 8323
i 448876892 448876907 89534
i 2055664665 788877855 15768
i 3669065989 3669065990 6408
i 1302679549 1302679589 1834
i 1979216781 1277101853 5954
i 520941704 1302679718 12109
i 679458970 677935611 2463
i 2055664581 2055664604 1234
i 1678275557 2347449199 38
i 1683869573 919204872 66683
i 613613874 613613815 3600
i 1510466804 1608820089 2732
i 1719812753 1719812771 1590
i 1388567499 1844044206 15489
i 26424411 26525754 13334
i 1499976701 1370848278 16734
i 2347449125 1275666415 6265
i 1313056270 1313056269 15644
i 1313056270 1313056269 15644
i 3151456377 662370227 34103
i 26509442 2150151475 3806
i 1685029750 364154388 27886
i 832932299 2402717946 18084
i 2031385670 2031385673 10868
i 1744160560 256443073 2495
i 1082341428 1606186859 13519
i 255294286 255294284 7952
i 2184447792 2456524201 255
i 26305817 29196151 1863
i 1492484997 1492433855 13652
i 865733411 2716253188 8777
i 2626072553 2594184189 26283
i 679458846 1591601148 2335
i 3262971556 304682624 70029
i 2471306214 2471306153 40061
i 394826167 394826148 1104
i 2406818406 2406818395 4243
i 1390636667 1206455879 4923
i 1207823986 1207824012 4969
i 2927999558 1454866282 9103
i 378183139 378183171 3700
i 439758320 1585162973 2967
i 726558527 726558548 4819
i 39827279 39827289 212
i 1510443659 1510443740 74840
i 886246492 1499976821 51129
i 2393263413 779862686 5099
i 1277155277 2485617203 9734
i 270423528 3169320548 36231
i 490809131 603001318 8482
i 868481824 868481814 1260
i 3669068123 3669070231 5516
i 1692302645 1692303765 14031
i 2493914458 2493914399 9336
i 851917654 851893623 47949
i 970297632 2115015355 24893
i 1743498053 1797285848 713
i 1086913283 1676272600 10536
i 35788559 260444797 2499
i 1884078356 1884078361 10318
i 3380454602 3380454600 234
i 632526924 1482759859 44
i 2219905606 995771817 5920
i 2458920340 2458920334 8839
i 630747469 630846378 1928
i 1760825775 1760825673 1450
i 677935639 2302414314 1982
i 1209449578 385538055 20606
i 490218543 334630327 9625
i 2013555066 1106975542 7042
i 1226925075 1226925195 13692
i 985248885 985248846 32511
i 3278723851 1425129248 8739
i 1321693212 463203441 138534
i 34088616 2705709327 7360
i 865733458 865733423 2395
i 1207823999 1207824062 1180
i 1867932779 1867932823 9142
i 1505701531 3029546949 45025
i 411035233 833295485 2458
i 1612997365 1612996557 757
i 1380847998 1380848003 4307
i 26035819 26270431 23898
i 1149266069 448299481 17149
i 439758775 439758439 39892
i 1207823987 1207824039 88
i 616729965 2079067327 304
i 1312764059 1312764044 2422
i 535213820 535213821 10098
i 1109010167 1108851656 43313
i 1109041669 1109041625 1400
i 2018900256 2254622490 3098
i 1377807892 1377808346 10732
i 744824614 741559464 2934
i 2482962961 472465608 7242
i 1013562815 1013562884 8406
i 1029974609 1029974712 2282
i 1104586637 97721432 1339
i 2037484275 2037484186 9238
i 1693381916 1693382109 18595
i 2099669820 642945946 2063
i 3225285815 3225286021 1498
i 942032027 942020747 6839
i 1519637434 1645820361 54512
i 632559567 3149655252 3117
i 2623435459 2623435528 44343
i 2112102969 2112102922 27328
i 1427418206 1427418161 8359
i 2090957565 2090957880 8003
i 2484892922 894850069 23936
i 1359017328 1359017303 28149
i 771271381 771271446 8175
i 3133778067 157039439 13835
i 2219755142 303929424 4625
i 1396853992 1396854070 408
i 3315628400 3315628599 27061
i 2231865500 2231865550 7052
i 884607083 884607122 2000
i 1359023627 1639431648 18424
i 1156754501 3293070227 4655
i 2050359452 2050357829 756
i 1743213563 1912912148 12
i 3303132995 3303132991 887
i 610465263 610465255 8142
i 599311323 599965616 5299
i 993893328 993951949 27836
i 1156767347 1156754476 96214
i 376010774 835355803 20368
i 1510255923 1602265953 19168
i 2090954981 2090959851 12229
i 129952620 1837462828 14906
i 2363090802 2363090750 27095
i 2876191675 2876191661 44
i 1678309000 1678309005 8275
i 1678309000 1678309005 8275
i 660178959 660174389 9921
i 970222793 1738017062 4834
i 995771824 461682709 20572
i 1299377821 774479623 2418
i 1029974287 1029974258 8167
i 1348628932 1348629765 19267
i 484899794 2053086318 20591
i 1275985241 1680810958 5975
i 2130421145 447074045 2951
i 3134189683 599680749 11525
i 1201619567 779110465 4611
i 616729981 2101564585 1378
i 989409974 989409714 4653
i 107684812 107684829 1539
i 2088970827 2088970866 2985
i 778232294 777431189 1413
i 1175025958 1175026150 38108
i 1727766914 1764106798 5025
i 1423991293 1423991220 1350
i 829214319 1495878028 17372
i 1601408647 512150320 9129
i 2226499013 2226499005 8621
i 1276000801 1276000669 1014
i 1175025763 1175026063 7609
i 320935695 300351983 11882
i 456092169 456131623 2233
i 2466334985 2466334998 3994
i 1349067617 1620401980 24515
i 26025365 26025366 991
i 655290515 2752329238 23914
i 1420790703 296099007 32629
i 1828925506 40182693 17381
i 818702821 1678188171 61000
i 1695936531 1695936541 2610
i 1207823991 1207824020 2672
i 864250583 864250540 6884
i 2527921911 1349243493 6682
i 884616545 884616543 2508
i 28868494 28868503 12617
i 260010126 1675689029 38045
i 2363008486 2363008515 19039
i 1174930969 1174930946 5969
i 1450401343 1326097973 20548
i 771271381 771271428 8175
i 1678188175 1693089456 8493
i 1218632327 1218632346 3942
i 604229774 485110682 1628
i 812149168 2055664689 895
i 2058534292 965269057 34959
i 3712231197 1482297397 1688
i 669880868 662370278 704
i 1428601673 718677250 13727
i 1680111398 1678444713 15388
i 1069279297 269472382 7081
i 1302387545 2055664682 932
i 3461288329 3461288314 5880
i 1714373712 1714374244 31249
i 1834489436 262799451 87496
i 324538716 936984695 8551
i 2639926807 1614750397 70274
i 1031539825 1031539685 8032
i 892688598 892688573 20909
i 3036038937 3077955530 405
i 3322825826 3322825853 8012
i 961980693 961978426 5672
i 649740397 648896347 357
i 1838815726 1838815705 4060
i 632559574 632559565 7635
i 2279578948 2279578731 25626
i 2284654484 1979754721 133
i 1595305256 1983492499 13
i 1912741227 1374386585 720
i 1678308995 1678308996 602
i 998726644 998726633 1839
i 307802485 2051898289 551
i 3276698696 3276697849 4788
i 3669068123 3707214559 5516
i 2357140542 2357140555 7918
i 456092171 456269424 3922
i 2115015359 2115015358 254
i 615730285 615730324 2355
i 2506054030 1873037778 514
i 1519510471 1519615291 4311
i 1421095606 1421097521 9615
i 3284045160 752672810 11967
i 613613896 614240819 723
i 1685060255 2381488011 1195
i 2109421273 2109421277 1387
i 1573907967 1422156221 1699
i 660775161 662950353 26335
i 1207823999 1203630665 1180
i 3491205287 3491205288 2610
i 304775285 1280995427 12499
i 1207823991 1206455705 2672
i 2335470391 2335469199 46042
i 1783458316 1783458523 19351
i 2219905606 1914535713 5920
i 985847865 986327809 23394
i 2876191675 2876191671 44
i 1771741405 404305703 112
i 193773558 746169792 1200
i 1685167911 1685168048 37769
i 726656608 726656624 2594
i 726656608 726656624 2594
i 2019444222 2019444212 21959
i 1207823987 1207824052 88
i 419290211 769325055 37037
i 624278173 624278207 1334
i 2484892794 2484893106 10884
i 1690702985 946239107 625
i 452630482 250795887 37553
i 1519899543 1372028882 12203
i 2231537104 2231537302 24586
i 615730290 615730338 727
i 1203631067 1203631026 9034
i 1916731425 1748530159 12645
i 660587030 660587018 2722
i 881236578 2063976747 64614
i 1676271957 877050129 3481
i 3304670117 3304670120 15700
i 1942037848 1425158640 1743
i 2087516989 2087517006 24190
i 1760825775 1762872917 1450
i 1418236468 3358373826 25864
i 26525764 105457632 5337
i 1872793577 1872793564 9269
i 779862346 779862204 2288
i 194246714 2622897746 26307
i 420684916 624294527 3320
i 3298159501 3471556836 33236
i 519343418 1343177380 25005
i 1489651726 850407240 79681
i 1394797909 1396854083 2703
i 633480988 633686671 19963
i 616729981 616729990 1378
i 3708737393 3670241690 8034
i 1679441998 1520886960 4828
i 1780866603 1780866566 15414
i 2302921618 3698160268 16932
i 1345764486 1349243506 24888
i 865733458 1811421987 2395
i 1421124188 1421124089 96210
i 660178939 660174378 11306
i 2451957487 2451957459 2397
i 1349243504 1349248098 7327
i 25983704 26003161 1095
i 2116960848 2116971858 2441
i 726663432 726663433 2648
i 503668499 1475051008 2143
i 2747693554 2747693001 27951
i 105457550 105457552 4232
i 985248810 985248848 3055
i 107684812 107685039 1539
i 1511603220 1708652762 112603
i 961981097 961979329 6947
i 1186270797 983527794 7831
i 281892485 282159511 21254
i 1065437403 1065438238 19284
i 726558527 726558532 4819
i 2153746968 2203586636 18424
i 1104586637 1104586440 1339
i 1168142717 1165837029 7398
i 1992175551 1992175489 10355
i 1206488834 1206488795 8568
i 718677304 3268908565 14277
i 3686286631 2503380183 99033
i 1702905058 1468673660 378
i 883408651 432835221 2055
i 1256647157 1428647576 6352
i 2978039496 986796569 8569
i 771222987 3256372526 32727
i 2314764326 2314764185 23580
i 75243151 199545866 10943
i 975174590 975175140 3138
i 3322826384 1863266466 15817
i 26024590 2062793349 4683
i 1427418206 1427418186 8359
i 613613901 1366417623 6299
i 972474988 972474970 4950
i 1219641755 1219641920 10367
i 656082782 1081095775 25435
i 2598341966 2598341974 21872
i 1015127985 2339085003 3164
i 255494393 255494396 4672
i 504147850 504147848 1289
i 779110500 779110504 6248
i 1614953762 211274406 6226
i 355870393 3085817286 320
i 2099669979 642945982 1030
i 1141117245 1141102444 55157
i 1678453336 1678453305 11843
i 1608970778 1608974570 32460
i 811207552 3126260071 7071
i 2770884199 1587334019 16863
i 3315628020 3315628010 6454
i 3712253391 3669978809 36171
i 1631731193 1631730961 17217
i 1521812561 1829772130 5971
i 2464117269 2464117402 18937
i 271613061 271613266 4385
i 324538778 937870845 19547
i 1783506625 1783507163 30767
i 3395980618 459493261 51814
i 1870550498 2101649559 726
i 1114167460 1806939239 8019
i 2192114002 1278116613 3645
i 2458920356 2458920410 25360
i 1096494896 1359960791 100298
i 2626072553 271717246 26283
i 2115015359 2357140514 254
i 985430534 1683145650 6654
i 642946057 642946050 1658
i 1912912239 1912912232 1302
i 1760748806 633660103 63453
i 2357140542 2357140528 7918
i 1705136970 1705136852 8035
i 1614420497 1614420481 14779
i 1998782684 1999900165 52031
i 2184447784 457121391 733
i 660178666 660178777 39561
i 206102942 2440807931 30290
i 506108547 888672065 28263
i 1641071197 1687392769 8719
i 608396583 2153746946 975
i 3461301431 3461301453 23105
i 3461301431 3461301453 23105
i 980789894 1677385284 5439
i 1158336947 1158332797 36828
i 961981135 961980997 724
i 102815436 56532043 6719
i 726558579 726533533 38349
i 306176113 306176116 972
i 3128907547 1510284261 33306
i 1912741319 1904078411 2392
i 1989319972 2645730152 41172
i 1677403527 1677403325 47713
i 1718473950 3290362576 40909
i 126281048 1448729072 26786
i 2064005894 2064005892 4717
i 942873606 942888656 5547
i 1236410805 1236411256 2270
i 338452847 338452899 7638
i 256443068 256443066 2735
i 1992074191 1596146466 9249
i 1082341428 1082340898 13519
i 973867240 2980125236 11900
i 3453734172 1736081229 9486
i 985847745 986314994 3228
i 269304880 269304876 4505
i 1268177714 1268177823 458
i 971860593 971860672 6363
i 1022569491 2485524531 11919
i 255505907 255505906 3134
i 1359023622 1639431661 18736
i 2055955146 2055955231 57156
i 1731671257 1731671249 11225
i 1690132206 1690132236 5740
i 1377436030 2272007217 12160
i 448947089 296308312 71812
i 1037805957 1037806205 1162
i 635191485 1094789286 25444
i 1067935415 3303132973 8151
i 1646649192 439758188 17391
i 768125961 768125959 2901
i 1299405167 734700343 8952
i 1885252214 1885252203 779
i 324538703 943751039 1476
i 503668499 3669978793 2143
i 1313056195 1313056159 4747
i 506108510 506108507 2813
i 29284472 29284244 20469
i 1709122085 1709121687 81
i 1268694347 3340953602 31376
i 1823318198 319305715 13516
i 942032027 1252701595 6839
i 1230202570 1189026411 32495
i 228863159 303988023 53757
i 2231607546 2231607525 2992
i 888685254 886544226 7686
i 2072933773 1164081081 29542
i 1725824904 1725824921 15072
i 1947506768 1947506484 28331
i 1550392215 1005470538 2805
i 1261083803 1261083667 11980
i 1753934540 1753934544 13359
i 1664520374 823586742 5390
i 1549090820 1549090348 25390
i 2448193208 1141116928 19434
i 1207097948 1207097918 23712
i 1774659724 3352506623 23755
i 318653480 1190073897 1927
i 2307685718 1360717757 2170
i 2055955225 2055955254 17849
i 649740397 648896354 357
i 3315628179 3315628064 12719
i 504147890 504147879 183
i 2876191821 2876191826 2232
i 2876191821 2876191826 2232
i 1830818110 1830817196 4405
i 1420780682 1421097512 10167
i 918962459 1480281674 2692
i 1236410787 608114173 1322
i 1762872932 3030790479 56908
i 635110902 635110894 541
i 1962947096 1962947095 4604
i 1169802401 1625811281 49388
i 1236410787 1236411205 1322
i 2148726659 1371979721 10102
i 1348629320 1348629478 16772
i 1678436200 1678444666 10739
i 1158331115 1158331854 4036
i 1681735421 1938025547 57986
i 378183139 378183204 3700
i 394826167 757430393 1104
i 2638585820 3417347379 21733
i 206102942 2440784565 30290
i 2485524883 2485524698 112318
i 1510466785 1541059540 1488
i 606168889 642367465 6161
i 1045399416 610603401 945
i 833103154 833103206 379
i 1234737103 1306474694 15180
i 1725851587 777431522 3708
i 1713154672 1713154546 8884
i 1519510395 1519510509 1395
i 632521477 632526888 349
i 2385201744 3393924469 4919
i 27735119 1700837388 4416
i 256443071 1744160674 10571
i 386234870 707873504 33169
i 721176801 2575952186 58321
i 1374386593 1374386589 7315
i 669880868 669880872 704
i 633564125 1764284313 3124
i 987699880 987699893 329
i 611722219 611722226 795
i 493184948 2984259073 19314
i 1447945256 26286009 54354
i 492468544 2873413044 3487
i 1195427465 1195427477 8347
i 998726531 2135807627 2120
i 757444304 2090949337 32117
i 307802485 2051898309 551
i 771223418 773214445 6836
i 604229774 485110687 1628
i 995771838 3675665502 71112
i 771223128 771223006 5352
i 2055174038 2055174055 10067
i 726606732 726606930 33302
i 726606732 726606930 33302
i 363811653 363811616 11196
i 1747499660 1747499612 2598
i 1172788008 1172787940 2428
i 792283355 2055173980 1819
i 735014040 741559465 1317
i 1763090013 1763090273 13389
i 1106493935 1317617301 9003
i 444738848 1773340705 205595
i 932992501 932992487 21685
i 1275666445 2126365067 17349
i 601473480 601473474 6360
i 504147886 504147899 1234
i 1912741319 1912741411 2392
i 1430938017 3298930351 1353
i 1984186720 1392186331 15088
i 331742290 331742283 2424
i 1687030937 1415509190 11664
i 1519510395 1519882570 1395
i 2543927846 975175027 10630
i 2055664705 1942812577 1857
i 1412594122 1412594120 515
i 1428601673 1428601678 13727
i 493964059 3029542994 55226
i 632526924 355877969 44
i 632557909 632557905 2431
i 1958131603 441299271 284
i 1141102475 1141102472 1303
i 1206760296 1332814601 1085
i 492552042 492504016 6658
i 3315628343 3315628305 8956
i 2101564656 3220214235 3677
i 998762794 998762634 7063
i 1421095606 1421101702 9615
i 322983639 322983647 2155
i 1680111398 2553411301 15388
i 30821992 1845032616 23749
i 2231537237 2231597772 49427
i 2727791297 2727791185 32976
i 614240837 2272007048 3218
i 2716253289 2716253270 13944
i 393525266 3021914540 1733
i 39827418 39827398 4064
i 779110500 874480885 6248
i 1772589684 1772589725 20319
i 393527473 3125536912 423
i 2638585818 98322749 54978
i 1613696071 1601533179 12897
i 1912741555 2834115106 1819
i 1374545064 1374545090 5208
i 341410576 2440807951 2606
i 1678294625 1276112609 27307
i 611740852 611740883 1883
i 432465278 480303709 60614
i 3457893777 1589497368 22760
i 1357467181 1357467201 16128
i 656408456 656408461 12869
i 999866426 999866606 17191
i 1267626500 945742734 443
i 1317198410 1317198540 19489
i 660615261 660615248 3323
i 771202407 771202394 1490
i 1549090583 1549090373 12621
i 1882751700 1357471434 6741
i 1049587062 1049585083 6017
i 1279165765 3340953577 1062
i 1312774674 1312706207 12030
i 718677296 1430815894 1816
i 518203362 2642053936 28592
i 655276926 655276931 2584
i 34963538 2248036990 67992
i 1396854220 1396854011 1601
i 1702377909 826591768 4577
i 1234737071 1189026535 32591
i 1430937974 1711190354 11701
i 439758843 439758844 8820
i 816753309 1263744135 45964
i 349329672 349329670 8736
i 773214589 773214357 7696
i 608107710 779862570 3392
i 1676271957 1676272531 3481
i 825215513 1315454878 28259
i 2384913905 2384913842 36517
i 1595400543 1904903733 884
i 1519615234 1645808529 18102
i 2101649542 949029605 30841
i 2940461843 771759052 5679
i 39826091 674492371 6392
i 598227858 599545508 14321
i 632661256 1753945423 26372
i 880869721 877216811 2615
i 307802563 307802539 1464
i 1499975474 1499975412 42444
i 1314916215 3708518382 1673
i 1654265409 1654265436 5888
i 3301554376 3301554365 18238
i 892728693 1499975587 16897
i 1771792926 1771792896 71427
i 535213846 473853154 1336
i 2053086652 2747692611 4841
i 1583665588 2381488073 526
i 2093702624 2093702564 6922
i 1390742637 1390742579 17825
i 1415042101 1174869072 25434
i 1207097894 26270392 1640
i 983490714 983480591 21321
i 1902210551 1374396360 26310
i 630747371 630747295 42507
i 3168854830 448945322 5649
i 710634794 708994715 53629
i 255505907 649757238 3134
i 886633146 886633138 1673
i 1951178465 1951178420 39789
i 3670088824 1475050861 16358
i 1317035092 707873549 11981
i 456307958 273214275 13556
i 375867354 375867347 4610
i 1492270574 1492270560 7011
i 439758533 1255988908 1154
i 2720721042 289570807 20370
i 1037806071 1037806526 2449
i 393446634 969242757 6268
i 3278723850 3278723845 10167
i 1631731227 2126365057 26937
i 480709544 942916242 17753
i 1029974609 1029974535 2282
i 716943077 697056861 7070
i 970608122 970629323 53156
i 1702905102 355870432 2214
i 1620400850 306099873 307
i 1678223280 549719081 4768
i 252817747 252818153 6128
i 1900333272 1873659060 29653
i 338452847 1705631073 7638
i 2058534221 2058534188 485
i 3352432535 968988009 68549
i 2528156091 1608737078 55605
i 1772624255 1772624313 64596
i 2089116718 1278590778 23127
i 1227226139 2506053859 559
i 613613896 614240812 723
i 1458486968 2440634865 13404
i 1523467954 1530146556 3767
i 997752146 997752171 1419
i 2985153010 332540662 146990
i 1377413942 1721668989 10134
i 2622897593 2622897354 25421
i 1125512909 1835016076 14323
i 1714373382 1384207113 29566
i 461700045 1421143441 1716
i 26204891 1924849331 31895
i 1623733006 1623733015 1038
i 506108447 506108449 8968
i 2747692043 2747692244 22174
i 1828916544 1828916496 85151
i 1947506736 1947506658 9480
i 1374386593 1904078409 7315
i 1172787954 898393789 18375
i 1412594122 1709121652 515
i 1678279768 1045630490 30496
i 635104862 1746314030 14525
i 209031629 648896440 5080
i 1268177714 26081393 458
i 1280401018 281128304 2421
i 1650121592 3237902867 2415
i 1790176643 1790176616 1939
i 1499975904 1499975883 17616
i 1870550498 2899296376 726
i 1519510684 249492856 7747
i 1600288789 1005470335 53686
i 1349069647 1349069656 12356
i 2547624057 1065437740 32468
i 3278723817 3278723822 346
i 1427132474 1427136896 75094
i 2436754800 2101574065 3467
i 264936723 2343478538 112440
i 429458920 1613692237 15568
i 2650865768 2650865775 2546
i 1281746437 1898939514 17695
i 1805073602 392033381 59969
i 1362686821 1362001001 45245
i 2462012209 3070604727 19935
i 1430859477 1430859460 1812
i 771271461 344287675 15963
i 1854248368 1854248364 4293
i 1935084650 1935084673 11071
i 1935084650 1935084673 11071
i 1613695671 1613692456 13381
i 2081297796 843563428 35740
i 3609508368 2120543939 6777
i 1390636649 1390636624 2207
i 1430040798 1532672547 30194
i 369091978 369091944 24192
i 2112102809 2112103048 8402
i 2389820280 2388694750 19109
i 2090956975 2090956973 2958
i 1747499660 1747499599 2598
i 660587090 660587063 1044
i 2664741818 1106464045 4051
i 2633283660 2633283677 7420
i 754104133 754104617 13801
i 1026279941 1026280016 38203
i 3315628020 3315628138 6454
i 614240859 613003884 2453
i 1774659799 3723853062 27220
i 718677296 1430816086 1816
i 1045399416 1045399422 945
i 886438138 989409943 4460
i 1494086432 2458921200 60836
i 2396450053 2396449920 21755
i 1132318232 1132334603 12326
i 2482963131 2482962770 689
i 2116960905 2116960661 63409
i 1883803440 334587915 3025
i 1092035324 1721523658 38987
i 662370288 662443473 4507
i 26525645 253779027 3649
i 1691698872 1691719228 8051
i 2484709373 839160921 24971
i 2115039967 2115039997 249
i 876242684 876242600 16794
i 1377413942 1377413962 10134
i 2299783616 2299783603 8346
i 2299783616 2299783603 8346
i 2714901489 861654840 1777
i 362721003 362717643 3074
i 2116960848 2116971913 2441
i 444743794 2397726718 202108
i 600451194 597322433 568
i 1355528049 362723668 7311
i 496976629 1320764811 63992
i 1428212681 1428212672 2608
i 75243160 686609582 29678
i 1488582029 431228699 9588
i 2629746214 2629746132 10101
i 1724495226 1724495308 12223
i 492665751 492665746 550
i 2857924543 2857924541 1987
i 1435646458 3276698434 4065
i 445405755 429522445 25307
i 998762464 998762491 6885
i 1752497346 666991611 2125
i 2391930556 2391930476 19544
i 1377420793 512417287 1107
i 358505567 1114167499 10453
i 1823318198 1629418863 13516
i 642945968 642945970 1045
i 456316016 2199405 7825
i 28019764 1783506422 8307
i 655290559 655295762 8943
i 475232712 432835191 200
i 492552027 257796565 11954
i 2012696069 2012696098 19143
i 1678436200 1678436212 10739
i 1024762299 986769913 56369
i 1370848246 1370848271 111015
i 1309600278 316720200 6283
i 1693355984 664330708 17516
i 3268909059 3268908934 32120
i 3352506613 3352506636 3651
i 1393624330 1393624490 53141
i 1583665588 1578019847 526
i 307446633 945509865 10054
i 3056415808 2157505178 22632
i 1702762101 1290314612 18479
i 2881827182 1659563725 15814
i 608114166 1423277785 12408
i 537558964 2100171728 1279
i 1574083315 1574083425 1405
i 517342115 475232942 7360
i 1069289543 2074882924 3337
i 1314916215 1816079964 1673
i 1175025958 1175025887 38108
i 2131062002 2495123593 385
i 1492484997 1492484949 13652
i 1256647157 1256646886 6352
i 968987948 968988109 66923
i 2087075770 2087075791 12932
i 989410067 989410093 74452
i 987707426 987717471 22200
i 771223128 771223235 5352
i 1104586370 1104586245 1745
i 2793898598 3698160560 4113
i 1106975583 2510460629 37488
i 3712231209 1482297404 86
i 1914039915 1196646298 61783
i 1425158583 3334024086 28095
i 1714085986 1072685214 8381
i 2238868858 3670784702 571
i 1835015938 1835016206 3020
i 2396450053 3320400071 21755
i 353844014 386089002 9250
i 1346052600 1346052798 33649
i 624278110 624298922 28905
i 2044091645 2632798134 1398
i 1535259452 1535259182 170415
i 660550739 1142943158 32127
i 772596791 750944090 27082
i 2930951903 1901106968 16237
i 3276698470 3276697530 38026
i 1430938017 1430938119 1353
i 2553410811 2553410719 1795
i 2357141369 2357141382 85731
i 773214558 773078371 7092
i 2562114862 939314343 15812
i 816753335 816753268 42765
i 1854248368 1854248366 4293
i 1488744557 1488744561 10020
i 1659597816 1659597909 9748
i 3276697768 3276697931 3194
i 386089075 674014846 76733
i 1168142721 1168142725 250
i 1313056597 1313056506 23090
i 306134073 2055174082 8818
i 616709456 616709385 10235
i 1138806746 1140465439 32029
i 987699880 987699874 329
i 986769876 986769881 39745
i 1396854220 1395975291 1601
i 380463974 380463998 1369
i 1156754501 1305078488 4655
i 660615261 660615305 3323
i 432465288 1659563459 6122
i 292692007 1482297418 4412
i 979588549 979588515 16205
i 660584267 660584283 174
i 270441398 690017205 22144
i 2335470669 1723318267 36174
i 270423524 1355527909 38441
i 973871023 3520797372 5292
i 1421095606 2895348482 9615
i 1719342183 1723718810 26162
i 1912741555 1912741489 1819
i 2714901489 2714901491 1777
i 1317035092 700116234 11981
i 1138938698 660196017 7535
i 1206760396 818802212 1579
i 2503171040 721176731 26821
i 1377420793 1377423826 1107
i 1515505024 1515506043 5135
i 1346052600 1346052513 33649
i 980919114 1489587063 26528
i 1482683911 1482704799 22340
i 1942037795 1942037818 583
i 985969434 1935084952 2296
i 764623240 764623244 9166
i 1104545604 2476422907 11905
i 656376904 656376872 12439
i 1680111344 1680111315 15360
i 810647272 778255720 1489
i 2629746214 2629746051 10101
i 632225369 672523675 26382
i 611722203 611726703 27061
i 3315628343 3315628164 8956
i 2476422891 2476422902 6536
i 517342143 517342144 4027
i 472998282 2747691471 36810
i 394835484 394836248 299
i 1282686636 1282686631 73597
i 1439870428 1439872127 13234
i 1719879029 1742789016 380487
i 444743793 914274033 13008
i 616719956 1212111422 17949
i 2053085879 2747690177 5299
i 741385743 741409198 69665
i 2070442799 2070442829 8110
i 2650865768 2650865731 2546
i 53743989 53743792 39735
i 987673879 987699870 11925
i 1693381916 1979216759 18595
i 2089275680 624368898 430
i 341405647 2477717510 15227
i 1668439020 1457547358 44760
i 1156782258 1107530047 9658
i 630747347 630747325 127316
i 339245656 337883557 1716
i 1104664525 1104536816 24365
i 1625808883 1602493917 33681
i 1428212681 3056415600 2608
i 2394178471 2394178532 24614
i 2497665453 413726604 4843
i 1281746771 1754953716 12754
i 1092035416 1092035232 24780
i 1783506711 1783506456 968
i 392033402 1837425411 13267
i 1601533193 1613692251 12839
i 791474794 791475131 198536
i 270441398 707873608 22144
i 322983639 322983705 2155
i 353844014 868647330 9250
i 1293999909 1720495625 12904
i 987699880 983480570 329
i 932992493 305342748 9132
i 914492595 2850915042 7962
i 1647220089 3691085117 158088
i 1482683911 1482704771 22340
i 1549090757 1549090399 2715
i 759954231 759954227 6683
i 945984133 1838510401 130182
i 1336069636 1278656816 129598
i 655227691 505822612 20416
i 281756748 1393796267 326
i 439758533 439758525 1154
i 3322825366 3320728565 27384
i 1494042326 3300234217 98761
i 608107671 779862446 2549
i 2302921614 3698141087 48270
i 983495381 980493631 52135
i 1219641815 1174275913 5065
i 2406890504 349337786 6544
i 2460987766 2460987795 6812
i 26509442 508801436 3806
i 687374187 1499975460 12867
i 1725824904 1725824935 15072
i 386236014 707873466 20544
i 877216793 877216779 3720
i 386234874 615160936 3823
i 2434129911 1363535410 26802
i 659024248 1174869065 5191
i 349329673 339817485 646
i 516035068 854362591 40304
i 2115039967 1394642285 249
i 1884078351 1884078339 13398
i 1384253787 3696679747 32138
i 961979494 961982554 13780
i 1780866603 1551883673 15414
i 444749953 444749993 19028
i 841997481 447073863 14927
i 2112102751 2112102770 28267
i 1172787954 1174293513 18375
i 386236014 707247311 20544
i 252002409 448302269 29531
i 280111015 2822486514 23586
i 1207824140 1207823996 2769
i 2349430749 2349430800 2582
i 2349430749 2349430800 2582
i 2930906606 1281746174 12161
i 1349243505 1349253229 3914
i 2940461877 2940461845 14215
i 2358516395 209031681 9330
i 1693347701 1350142289 50767
i 3287828732 359957274 1936
i 1020310872 2384724857 32008
i 886633146 3380454140 1673
i 228923223 228923226 1648
i 1345764486 2642591549 24888
i 1754677677 1754677664 5590
i 662370286 669880877 9003
i 1156814593 1156781140 33658
i 604229774 604229760 1628
i 2384023708 1420694186 101290
i 272078519 759944201 13865
i 636038111 636038101 1650
i 627849807 627935851 22354
i 1873659252 1873659532 5755
i 281756748 286645928 326
i 1375809486 1375809593 40761
i 3278723859 3278723961 8613
i 600675121 864013516 15328
i 2387685846 2387685796 329
i 1314916215 1028588325 1673
i 1614687106 456041639 13210
i 51138002 2075578394 10419
i 1516316442 1516315058 9065
i 1069279297 31261985 7081
i 55394813 658829670 398562
i 3729673456 1450792079 138597
i 1377431832 26205159 75
i 1317198434 1262276170 11373
i 253839542 3257395128 14936
i 2503161484 2503161749 61603
i 1350142451 1350142413 14194
i 520941704 1242972948 12109
i 3609510404 2533800909 4449
i 1121483780 1612084581 27316
i 3276697768 1435646507 3194
i 451671789 451671801 137468
i 3511198286 2594876355 11385
i 896153470 475232642 1015
i 1158142044 1045326259 115127
i 1372893378 1372893373 1019
i 1497113972 1497113975 7312
i 415466393 726660127 3371
i 1236410876 1236410935 14630
i 2081297821 2080891539 41466
i 1305961591 3686273448 7403
i 372545315 2477743625 2481
i 439758779 1585156356 16559
i 1786117849 1786091295 9028
i 1771741405 1940133118 112
i 2357140676 2357140602 29716
i 2231537148 2231537517 9351
i 446772022 2500095656 15400
i 296160768 2453502098 30387
i 1026279884 2393008291 77150
i 687373823 687373894 9186
i 2279943182 2279943319 18603
i 1676271957 877049972 3481
i 1421134906 1421152275 17197
i 1533905607 1533908298 69942
i 3561693699 1723884248 37796
i 1511937111 59367020 57332
i 386089058 1237062693 105797
i 314457712 3308040947 972
i 1019507870 2622897736 6716
i 1718437824 1718438181 51509
i 1743213563 1743213671 12
i 665091730 1070597295 632
i 2231607523 428614188 35089
i 3052196844 446766710 59353
i 1175864801 1178863328 10089
i 2714902439 861655008 5741
i 2727791221 2727791099 44741
i 1243146176 656405981 15212
i 2453538345 2453521626 15195
i 919204909 1683869608 62810
i 1731671257 1731671274 11225
i 1394797909 1394797856 2703
i 371179636 131985176 7481
i 2623426319 2623426326 8421
i 2623426319 2623426326 8421
i 296160770 2261981116 6013
i 1520191097 2458424984 3328
i 2284217972 1742629989 274281
i 1599042947 1601594064 146016
i 778187325 778182193 10655
i 860301863 1638843319 7040
i 1403937106 1404496461 59237
i 363809353 1915077259 91796
i 1523467846 1523467934 555
i 1045437748 1045437752 20422
i 363811653 1499975442 11196
i 2393057393 2393057374 60517
i 1261083803 3128006668 11980
i 270441398 700116336 22144
i 1872793605 1878494609 9157
i 1029928611 1029928868 36440
i 1029928611 1029928868 36440
i 1549091176 1549091348 23120
i 3531014321 1585067709 135785
i 2059932398 1614704970 28399
i 1522238003 1026261539 3257
i 1764284252 1780266135 5670
i 3276698661 3276697951 31061
i 1752497324 1752497307 4045
i 2051197676 2082433529 79778
i 1104510475 1104498095 57824
i 386089050 1403583040 65975
i 1680111610 1680111650 39850
i 2988414595 1754616452 4732
i 300351078 1870290080 16752
i 1029928600 1029928728 3248
i 1377423760 1477548875 26982
i 624301408 624368882 1346
i 441299666 441299661 3560
i 3402466269 1423991415 23771
i 1734572510 2451957587 20803
i 610924707 1612981198 21119
i 2711143085 2711300310 3063
i 2002492365 1993475972 2469
i 3484073856 1375809610 65709
i 833769362 1510274842 20703
i 3617801094 3617801198 8671
i 304683124 726627491 31189
i 726660121 726656574 395
i 1682164468 1682164385 25269
i 975175160 980505465 11119
i 1521812561 339708410 5971
i 1596144363 1882266988 44764
i 1921989617 1783506977 27312
i 1380848022 1380848037 11339
i 1380848022 1380848037 11339
i 314457712 2878440690 972
i 2482963131 2996201642 689
i 341405507 2448034357 18429
i 1281746780 2905300865 8159
i 1692302170 1692303245 10770
i 339708436 339708419 387
i 1499976702 386080153 14971
i 833334370 2124573101 63130
i 32046279 1591601845 16139
i 3278723817 3278723836 346
i 1598995634 1404496572 8443
i 2623435459 2645443603 44343
i 1430938017 314457745 1353
i 1029928491 515089649 475
i 1029928797 1029928904 14529
i 1935810126 443338532 13235
i 983418067 39679744 65267
i 1356785939 1356785938 8528
i 1530052297 1530129800 49026
i 1511602211 3623594703 75212
i 1198204974 1390742854 8801
i 255494383 332539181 31809
i 1426482301 3304670124 15141
i 1854248370 3188126346 1339
i 57722539 1489558646 101468
i 961978005 2286251303 11504
i 2890676320 376002988 15809
i 989410067 1720495766 74452
i 1608739175 1608738497 201517
i 985847865 985847858 23394
i 444749953 2397726688 19028
i 2887764635 1732815683 36530
i 1549090757 297278775 2715
i 1891797155 1375625906 34640
i 757436017 1161139503 3718
i 3284045160 3284045159 11967
i 209031629 2257930822 5080
i 2694433153 1289998687 14142
i 1418236376 3278722404 40228
i 919094379 1702399943 11174
i 429278744 429278786 55787
i 1158142044 1156781093 115127
i 358505084 2622642402 6663
i 1061954588 1727971187 19585
i 2254622510 2254622487 8635
i 1843943168 1844102697 39219
i 428609781 1896214863 24815
i 1029974974 1029974525 3659
i 1106494338 1106494143 55010
i 386089097 674100204 8961
i 2146519368 538873283 17545
i 876242401 876242045 28462
i 1349533538 2476267446 104175
i 2656088104 2384913959 20576
i 1494085998 1494086492 7281
i 1691785082 1691806398 42859
i 2231537148 2231536983 9351
i 616746072 1271114069 307
i 1337684657 1025630275 12514
i 1290002919 1811708633 13627
i 3259616404 3259616386 13153
i 40182545 1836728670 124631
i 3276698082 3276698293 8616
i 27735119 976843999 4416
i 811920673 817796329 40216
i 664861170 664861200 11598
i 1418137490 1425158329 35060
i 767478684 2123680648 18969
i 655171101 1489558834 2003
i 444749953 1879504425 19028
i 886246492 1499976763 51129
i 1361804041 302944041 56311
i 252408531 764623176 20015
i 1175025790 659086391 2333
i 2040598168 2040621486 7570
i 985969436 2913285961 11261
i 2508103279 2508103278 5263
i 1811708748 1811708632 4425
i 1731584037 1731611358 10929
i 3727416948 3727415613 59349
i 372545315 1997055249 2481
i 305784132 2055174060 4771
i 1523467846 1026261628 555
i 1029928491 2197545569 475
i 829187721 829187734 27968
i 1430859569 1430859486 24673
i 1947506736 2754921400 9480
i 1519594094 1520191104 24194
i 1646263376 1691785103 21220
i 1915077330 1915077314 8289
i 1243146178 656405961 6803
i 2356452623 2356452588 12895
i 338955427 515010253 9900
i 752985622 821803650 39475
i 271018837 271018832 3266
i 1419328208 1419328174 224599
i 980789894 3499297638 5439
i 660182899 660182940 10634
i 1418236376 1418236456 40228
i 2115015359 2115015363 254
i 1697615787 1697615781 37618
i 1614420642 2390668968 18480
i 1372893378 1372898017 1019
i 1282686626 1986826243 74693
i 1510224618 1510224666 59153
i 3246072288 1196646337 35788
i 1172788008 660381203 2428
i 3680266262 2626077726 112501
i 1387782900 1693423064 26969
i 3247529372 430583108 19534
i 778187325 778187238 10655
i 1000062427 3710891542 17780
i 1419328084 1419328062 79371
i 2069584747 2500104024 53420
i 2639926787 444417613 82411
i 2817576513 1872810285 3361
i 2051200948 355075336 29410
i 1234737103 1288230870 15180
i 759961814 2357302145 56394
i 764566954 3410939561 67177
i 3372028867 1377808786 18009
i 818702750 818702734 6942
i 1601253108 1838786719 6904
i 2428279935 2428279677 1129
i 1109041669 1109037707 1400
i 3259616404 948095946 13153
i 852115259 1481281157 130
i 970503229 970503226 2611
i 2453528352 2266237903 10892
i 2508477630 28035555 183842
i 369478936 870154324 26154
i 33994071 33994061 9002
i 1430889690 1494042371 44871
i 2450710980 2451957579 5510
i 3426669130 1562972976 186804
i 1277155277 2485617292 9734
i 1312811797 3263798769 35858
i 2463117857 1515505605 20894
i 985106697 985085875 16823
i 1421134906 1421134865 17197
i 300351087 1815576416 10827
i 271613061 271613295 4385
i 919330694 919328025 9108
i 1715853884 1715853838 11361
i 1684761733 1684769120 34496
i 2157505165 2157505184 59299
i 2134279516 439757932 8795
i 1069289360 1496616398 105110
i 2089936335 2357302139 28773
i 1094762273 1094761280 16512
i 2484709373 2057955755 24971
i 2453528352 2453528329 10892
i 884694500 302944059 17121
i 3298159501 1244867344 33236
i 1374545145 1374545131 160
i 1543944292 1543943412 7309
i 2727791489 1593209723 30537
i 1262276151 1435646242 29778
i 1083405383 1396853604 24930
i 1206760396 1399638573 1579
i 457356761 757257610 93424
i 2053085879 2053085894 5299
i 1869656940 1912925775 17081
i 1498778860 1616057503 117876
i 1497113972 1495878451 7312
i 1731671209 2721057039 6902
i 3617801094 1377808550 8671
i 1810638197 1810638049 28809
i 1585005285 1143827082 12398
i 1243171855 1878841578 22156
i 1262276184 1317288142 34044
i 1377431644 1377431815 1593
i 2231597843 428609815 71636
i 1664583600 2054065399 2743
i 1372795758 2060797070 1821
i 2109214994 2635271166 138490
i 886438138 886438126 4460
i 1616066477 2500103990 84495
i 1415042096 1180921369 23275
i 2448290811 2448290635 2357
i 759961824 1938827794 66436
i 1045339798 1045364210 7562
i 1601598158 1601594197 22571
i 2448193905 2448193780 3178
i 1620436742 1620436741 1952
i 3588365917 3314617061 1821
i 701743103 601473450 20294
i 1542721991 1542349844 1983
i 1927219377 1927219336 21353
i 404432312 2250516062 64860
i 1035727135 1563002100 150823
i 824472038 1836404470 4140
i 2735229818 726533525 8215
i 1270521990 281128755 37781
i 260350670 642947077 59806
i 1335381207 1335381208 6905
i 630747472 630747434 9644
i 1326098102 699701305 6820
i 3287816176 3600354343 11750
i 2460987766 2609515553 6812
i 2022261627 2796360906 97080
i 2116960800 2116971862 5693
i 2528154699 1608736509 3470
i 1425530997 1244577714 1717
i 2157505440 2157505331 31364
i 1958655932 1958655945 18303
i 852115259 852185041 130
i 1312763928 2443967656 21949
i 1872793764 863461762 227
i 306650186 1346052546 4671
i 862393559 2834115493 81
i 2146519368 2146519338 17545
i 1494085842 2459013311 48303
i 2544061207 1723718520 6267
i 1123871981 1123872008 2412
i 1854249709 3108727392 21799
i 3677134035 1070590091 49148
i 611722259 1999066468 56450
i 1313056022 1067935604 75205
i 1600103206 1600081324 70031
i 1709749918 1709749915 16429
i 2116986876 2117016153 31535
i 1432439878 525431141 57151
i 759961939 759961923 7754
i 1425129257 1425129320 11513
i 1430859477 3268908786 1812
i 813215692 1725348107 15410
i 980789992 980789163 48117
i 1520198332 1520198401 4537
i 1511602217 3635366525 11716
i 1510287064 3128907538 2594
i 1984186725 1984939830 11024
i 1839631915 1839631982 10900
i 1589582750 1588401963 180223
i 1719345170 878876112 20212
i 979588549 979588491 16205
i 267175680 2459110352 9271
i 2279943182 2506300116 18603
i 1492364900 1491722747 25234
i 457356754 456041656 8995
i 3290362195 3290362278 13182
i 768125920 1905705859 12696
i 325226004 1338449174 14958
i 1186528901 1180921080 3940
i 767478684 768120866 18969
i 497971009 358500078 6603
i 1288943245 1634319313 8593
i 1731671209 1731671185 6902
i 1195399532 660751236 2109
i 692457296 1349050787 464
i 1494086061 2464117476 26124
i 850726880 1284929946 30155
i 1372795634 1372795718 25348
i 1326098161 1314964689 5483
i 2040598168 2040598193 7570
i 3609513294 302934278 5200
i 1667129293 1262276489 78446
i 2711143085 2711142381 3063
i 2975691905 2975692335 40138
i 386234874 632225208 3823
i 1697615797 1697615822 10128
i 1492453954 1492440227 26306
i 2464117278 2464117419 19867
i 1646552717 2266179319 69964
i 699701400 660775213 28549
i 1010595245 983527828 1140
i 28099236 28101856 238696
i 1360194506 513764186 50574
i 1595052188 2084682191 2758
i 315092017 315092550 29655
i 3660023126 2139345298 52362
i 2325524259 1131544961 23447
i 444788083 1654265342 13472
i 376010774 2440778717 20368
i 1800594150 1131545055 68843
i 3088948346 1654239511 2413
i 1654265409 1645325950 5888
i 1719345170 1719343603 20212
i 601473484 701743190 11670
i 983527785 983527758 28800
i 658542977 658542979 19923
i 2428279935 1585156365 1129
i 727124047 727124055 1829
i 1713249930 945307629 107778
i 1337684657 1337684682 12514
i 3372028870 3372028894 5971
i 2385201744 438096038 4919
i 1255985659 1585156463 12374
i 333781313 333781301 5672
i 1094593197 1094762718 54232
i 264560008 606168868 33035
i 1466736156 1466736135 9401
i 1466736156 1466736135 9401
i 1625805549 1588401935 123459
i 1375625869 1377808091 33677
i 989410719 989410259 5550
i 884210211 1375335013 66862
i 1156782258 1156791680 9658
i 1677403707 1677403142 22476
i 351706360 351706797 36507
i 1633113456 2986074662 13806
i 23259769 3009652162 122179
i 610924707 1496673131 21119
i 885718390 1177309104 16365
i 509706104 3056416077 29564
i 2497665526 413726596 4618
i 439758462 1585156415 36666
i 1496672845 2940461095 45253
i 1280995374 1488699900 38684
i 1600335053 1601413993 45131
i 1699472757 1954688497 8346
i 442984653 1281554965 153052
i 429278744 429278735 55787
i 1350286108 1575772589 42800
i 1499976447 1499976557 22268
i 1304669890 1242960565 37035
i 1432394760 1778362950 57659
i 1516316949 1516314710 48259
i 2191197151 1714884598 95759
i 1723883629 1723884196 17040
i 3380450161 880634432 7379
i 993980239 980936149 47052
i 3664157661 2451573623 47223
i 2978766947 997815116 19910
i 639968964 882342280 36535
i 1224765802 1224765781 86987
i 750483262 1490619123 1948
i 445405755 1280108721 25307
i 676571393 676020034 3700
i 1067935006 1067934595 98962
i 2070442799 2070442719 8110
i 1498779377 1498778915 128043
i 886084561 1554276514 107593
i 55394563 512072504 254157
i 271291838 3632214817 9837
i 1026279941 1530922181 38203
i 1276421444 1276421416 29189
i 61275273 61275275 4986
i 3287828732 2629825390 1936
i 1715859147 1715859178 24262
i 2363008210 3723852922 48897
i 1489541500 1489541543 6647
i 2803948939 906785491 13115
i 894850030 1175965482 2136
i 1774659724 3723852661 23755
i 1914022024 727707851 32636
i 3268909033 3268908748 52575
i 1377807892 1377807863 10732
i 2448193980 1219641678 37432
i 687373823 687373890 9186
i 1602536427 1268841697 642
i 2451263659 30811523 6675
i 961978922 961979573 18942
i 1670564121 1670563985 45194
i 1604722276 1604722062 19733
i 451673959 451672669 14687
i 1498450295 3645159595 46173
i 691218170 1377435363 39879
i 338955427 518073619 9900
i 1372891720 1372891687 14824
i 914492656 1072684994 7713
i 1678294625 1678294599 27307
i 875677857 1600801057 64290
i 1760629234 1723884546 65267
i 1284985436 1284985278 98698
i 1598995634 1510053708 8443
i 429434793 429275360 46458
i 1426482301 3353667458 15141
i 2757066208 1601533051 69796
i 376424010 3685588918 64657
i 2798314929 2796368733 234653
i 1071265535 1071265354 35409
i 457356754 456041621 8995
i 1737272327 2357317737 1479
i 2017899445 1313056197 8757
i 286637718 998346671 9268
i 439758944 439758911 1531
i 1713249930 1713249177 107778
i 1035778819 2799355072 94475
i 2440059117 1751212216 183848
i 1863119854 2466787651 82608
i 1719345170 1719346380 20212
i 1141523760 1122753192 57643
i 1374386580 1374386732 49
i 1123871981 870152163 2412
i 3446432114 1384253612 25987
i 1612996582 1496672802 17266
i 3617134642 2940394134 52835
i 441299605 480303436 37983
i 1927219391 1927219339 47325
i 1086913593 1086913331 24625
i 1723883629 1147245631 17040
i 2266238480 1839571618 9570
i 1262276157 1262276614 20303
i 2148726652 1405974294 46674
i 833415025 847910238 53586
i 759963927 759963929 10735
i 2061548815 831633669 2770
i 3097277828 2215389042 52940
i 818702750 1678184851 6942
i 2062307847 1141523696 91973
i 862381391 1123872004 673
i 1516314354 1516315324 54070
i 3050774494 3426669312 25257
i 764544247 764544263 4184
i 1423997476 1418241575 20489
i 2932702285 2117011351 4153
i 1377423760 1377423803 26982
i 993922328 981010172 6868
i 386089062 1382829810 114911
i 781850046 774522671 28597
i 734730300 2051182468 12118
i 2639410449 1588600936 9679
i 1457550446 1647194960 9799
i 1104393863 1104393820 27552
i 2422907954 1164161786 72517
i 1863119931 296308254 10085
i 1374545145 1374545142 160
i 371171354 1405975967 220804
i 341405593 341405579 16393
i 1985650654 833921450 48719
i 3727376109 1670884824 39381
i 1024808982 1024808933 452
i 1096606233 1107844143 53593
i 1691773409 1691773300 55710
i 2985127389 2985127362 23004
i 1420660742 3342597862 1305
i 1104586437 986385596 13550
i 2484892938 2157536112 20463
i 586573313 586573357 14697
i 2656100678 2301959805 15111
i 1106975583 1274148552 37488
i 358505518 2622642397 7541
i 444301975 446102685 33373
i 1020001098 1020003312 501
i 1496672845 1496672938 45253
i 1841044550 1841044545 15401
i 1883803440 334593228 3025
i 1738415177 399433024 14694
i 40182706 1731671110 7722
i 1516316442 1516315514 9065
i 1070590028 1641071529 9710
i 2061548815 2059917736 2770
i 2459110643 1578286880 52453
i 2547624057 316790999 32468
i 1234735141 1600081240 15666
i 655260203 978920275 6878
i 330819283 338441804 23770
i 1365252675 1838537318 136579
i 2022261655 1125512854 89764
i 2975691905 2975692281 40138
i 428609781 1020164196 24815
i 516038692 1426089590 33022
i 1227226139 1873032644 559
i 1492453954 1492473338 26306
i 666928675 1377775669 66999
i 2433641628 1585056833 61921
i 3303132995 1665703609 887
i 836711513 846945321 19060
i 2266238560 299403086 66902
i 1335413572 456955840 46092
i 1156814593 1156794887 33658
i 1186528901 660751263 3940
i 2053085879 2747689997 5299
i 2385124803 34963524 3868
i 441299311 430582681 1244
i 2177675915 1483276257 10746
i 987707426 983490710 22200
i 429434803 429434827 36679
i 509706115 1971530438 54248
i 1104490522 1104490488 71445
i 3590581882 1754684595 10135
i 840176574 840804937 75983
i 1229154740 1229154716 18045
i 2069574369 2070107752 37919
i 2493914236 2493914113 27697
i 3066978616 472712132 24644
i 60137473 2471306154 38064
i 655171101 57722613 2003
i 1069289543 2457040917 3337
i 2064005864 1578584694 233
i 273211793 325225366 66927
i 1428601673 1428647970 13727
i 1377435519 3660440659 19334
i 1045580115 1045580088 40381
i 1262276247 3578263283 28064
i 1125513017 1125512872 148685
i 1132318232 1132312151 12326
i 2325524339 2325524227 26271
i 1362429732 1362429771 80461
i 1759652857 3019361958 23055
i 2468771613 3708836546 52848
i 1521323466 2834013733 10818
i 1457558666 1457575548 83286
i 1195266329 1195266327 19508
i 1601573226 1601609543 145585
i 457356753 457356743 16880
i 1685041144 639268713 20592
i 754104133 58940847 13801
i 1984380618 1835262429 134539
i 769334677 267170814 19835
i 337140235 616424095 40905
i 2504493193 1646554431 2579
i 930042940 2381487973 21096
i 1348628789 2386519953 35996
i 1585050134 2406055092 61632
i 2397726423 1273266845 27446
i 1600299792 2495044368 35687
i 771758913 3055588359 55023
i 338955427 1711913252 9900
i 3352506613 3156489222 3651
i 1498450580 1498450099 22606
i 836740258 831933681 25871
i 333743756 333755760 15119
i 3301554376 1384207099 18238
i 30402575 30402600 261058
i 2279578948 2099845318 25626
i 1515505024 1515504536 5135
i 1036541298 1510500949 59584
i 3202634456 1403009001 206621
i 1714261258 302934051 3815
i 253836328 1585051743 65240
i 1968492351 2635271046 25852
i 306651685 26266456 36774
i 1896215421 1896215048 20406
i 2433641628 1982705734 61921
i 3414582898 3189141962 43824
i 1542721991 1771741366 1983
i 1496672897 3256529000 9987
i 23072525 1280554491 20523
i 961978706 333079168 107115
i 446100523 446100641 78907
i 3385849746 1521811883 101760
i 280827294 280827267 1322
i 441299311 441297907 1244
i 1685141931 1685114230 10624
i 2112102809 3327569862 8402
i 833460702 2063619435 30038
i 301228887 301228892 45230
i 1096606233 1096606200 53593
i 1585001395 1143791970 2765
i 1754678003 970415810 5520
i 2984197389 1379848493 4965
i 1585013310 3031660556 64362
i 23064650 659821446 1020
i 2069574369 1502128225 37919
i 304928742 1020883620 58811
i 1262276157 1317288155 20303
i 1496650664 1751211530 154116
i 2082936541 2072702489 48015
i 2885156768 2930883428 78692
i 2024825457 2026123635 19196
i 1609365487 1609365021 9616
i 347292564 314916843 15144
i 2433641628 1611484967 61921
i 1061954870 1727972024 71351
i 1585013310 1584150445 64362
i 1496672897 1496673122 9987
i 2440058708 669900955 147480
i 538873140 1123802858 167150
i 1934154428 1936241219 62952
i 57372132 57018995 383539
i 1723884231 1723883974 58411
i 1305961557 3343924010 64691
i 1870649684 1511601626 35019
i 347292899 1509083303 39318
i 888906630 32627874 365438
i 1835262507 1835262354 12697
i 881874068 1531228114 12644
i 1521323466 1592377381 10818
i 1305961671 1114854489 16908
i 840176574 1601018373 75983
i 81158233 81158436 656632
i 512072505 2000933503 107475
i 2252505870 21529126 20465
i 509423621 3124186512 230853
i 3052196973 446766702 32978
i 864250583 1096834714 6884
i 270111863 2514994947 138392
i 347292099 865293183 3406
i 1097380230 1098857046 34746
i 2314981755 270111862 3819
i 2100251903 1872052162 120177
