reach info for 1000 sampled points in France
vertex id and its reach


2461550983 1024
3269135032 8192
324789609 262144
13119907 16384
2334245978 4096
933420529 65536
2684750124 65536
1861624636 65536
1235269607 16384
1157560551 16384
390775493 8192
1195737207 8192
893258239 16384
623670261 4096
2743927845 512
538896 16384
2355916730 131072
710634828 32768
1496599533 32768
679139119 32768
1797560126 8192
1846936483 8192
1404466716 8192
1732674420 1048576
306165379 4096
829942359 65536
2121495207 32768
2753749411 16384
1307889118 32768
762802443 4096
1765255591 262144
2181393781 8192
339420479 32768
1666897101 65536
1830517315 65536
2290219617 262144
643619554 32768
2039922637 1048576
60249213 16384
1268488441 16384
526033158 16384
1137858083 131072
2288177229 1024
1266506792 16384
2111952282 524288
2357331801 32768
3271388866 16384
1400723869 32768
1857506967 4096
26108028 131072
2667006348 4096
34990114 16384
1668985146 131072
2266999720 32768
2570787694 8192
308837714 65536
409005505 65536
1240340515 16384
2063894234 4096
1804988670 524288
918066487 262144
420047360 65536
293150202 65536
1495422027 16384
1371960292 131072
662291807 16384
500330970 32768
617801607 131072
823170545 131072
296549003 8192
2530801570 8192
3700152164 16384
2270433548 32768
1530593333 8192
3238516974 16384
1332317988 16384
755812231 4096
981674054 524288
2790328481 65536
3499357358 8192
600114323 16384
881982223 32768
3638763500 1048576
1592589689 16384
1126322745 16384
1764250348 32768
1046555189 32768
2430177779 524288
1223293587 262144
533991595 8192
170907644 2097152
2970582274 16384
393649861 16384
1219571639 16384
506210289 16384
1710252241 8192
2353467224 16384
1339564253 65536
685484793 16384
1657460378 65536
1065879702 524288
1146146397 16384
924449998 65536
616280701 32768
1533314830 4096
2067171702 65536
443299552 262144
264074718 65536
1632046283 16384
1939449837 8192
3416270153 32768
2112502074 32768
356663624 16384
1313056631 8192
1446851706 16384
1989888462 262144
1271439348 8192
370874863 131072
1490329924 32768
2802257301 32768
319092470 8192
462179110 16384
1660301931 4096
1160296066 32768
356270758 32768
3603149555 32768
2605234450 16384
1701298275 8192
415349693 16384
293191033 131072
571535468 524288
2618487896 262144
1143915004 32768
514361585 65536
1095894049 32768
1635409621 2097152
2807461288 8192
3127111762 32768
392511548 32768
315644964 65536
2107212701 2048
1853208781 16384
3227103567 131072
347278486 8192
2514465089 16384
1232207631 2048
2344044308 131072
626136575 32768
499614910 131072
2959766634 8192
2898096594 16384
1870236543 65536
34081398 4096
2379661336 4096
2937476724 524288
1119707033 32768
3382987236 524288
838500024 131072
3126586923 8192
303192081 32768
480196294 65536
1448971262 16384
1861711543 131072
1495271083 262144
1864950505 32768
2785233208 4096
302311642 32768
2201240035 16384
1585652659 8192
2596893390 131072
941666777 32768
1598783505 32768
1240646384 524288
1271063467 131072
1040884921 32768
269386129 32768
1827589568 8192
669879346 8192
346148211 32768
530812457 8192
622741 524288
2452219780 32768
1126350969 4096
1962213919 4096
319094950 8192
2126310497 8192
314013712 32768
1362215449 16384
2265952756 16384
33016084 2097152
1143583858 8192
1275651512 32768
1246698978 16384
1035877897 2048
2856358908 16384
1126394852 8192
1142646046 4096
1426916622 262144
2567066251 8192
1118696196 131072
1248410075 16384
505829069 16384
1098243128 8192
832459286 4194304
1712535546 131072
2129892722 131072
26344250 131072
2240100694 4096
1623035683 262144
925962457 32768
3254769407 2048
281394325 131072
693540931 524288
661722308 32768
1779183768 4096
27373711 65536
258911366 262144
1523674803 65536
408414915 8192
32827672 8192
292688806 32768
1462186836 262144
599710329 8192
87257996 131072
250757420 8192
1363449787 1048576
3154030371 4096
2125001947 32768
920190952 32768
3002456384 4096
662173837 16384
1384800054 524288
1881680188 262144
1490393755 65536
271235686 4096
1975467476 65536
800023055 32768
1991567028 65536
3294570089 8192
286564417 131072
1105872735 32768
2536228545 16384
2348944949 8192
2116020944 16384
1610325141 16384
1909225855 8192
442673835 32768
3437412420 16384
3220530142 8192
1235820763 16384
1891797661 131072
283111353 16384
3528721021 8192
1474062919 65536
1312013993 8192
1380742993 8192
705002316 1048576
1520061110 65536
1041186988 32768
2035923654 1048576
2339083500 65536
2104081002 16384
1258120185 16384
925701288 262144
501847588 16384
1333345549 4096
847983068 65536
1881979870 131072
2103544572 16384
417299607 131072
1055286357 4096
2588248796 16384
321663126 32768
1738038032 8192
305135082 16384
2396953773 4096
667392179 524288
1324739964 262144
345359379 65536
702719735 32768
2328491900 16384
2742680474 4096
842215083 16384
2678736917 524288
1685277933 262144
1559863687 32768
297788117 32768
3126119924 65536
2890930754 2097152
418388470 16384
299170408 524288
1650203913 4096
1305989826 32768
1717670818 16384
1503483125 1024
1594581944 524288
765983727 262144
466319997 1048576
767399088 262144
793511308 8192
310557326 8192
292432422 262144
2625732923 262144
1694850235 4096
450783879 65536
244202695 16384
2114796607 524288
508901058 524288
2752743278 16384
2523675728 8192
2163165182 262144
1755341736 32768
1408486780 4096
1961952954 2048
2498072921 4096
313785470 65536
1084476784 8192
244514514 8192
3541795243 16384
2387254555 2048
345612403 8192
1392094295 4096
2604298568 131072
1833995374 8192
2837626433 4096
797414207 16384
287167035 8192
3029429253 524288
2811581938 4096
592441626 16384
1783522534 131072
246540908 65536
2287719375 1048576
2291048031 16384
282740872 32768
1430483468 131072
1227982349 65536
1413090483 16384
2522680481 2048
1892683108 16384
1082275310 2097152
617912625 65536
3512638034 4096
802345694 262144
1426008791 131072
364115293 32768
1986453059 32768
2609477949 8192
1092341611 16384
274838217 1024
1070989690 131072
1116255820 4096
2171864467 4096
3283003981 2048
29342949 65536
1186377817 16384
280982432 1048576
2125106516 2048
730986477 32768
3131152129 131072
471714652 131072
2392898594 1048576
392408185 16384
303137555 16384
2486131385 16384
1409915885 32768
2931102445 1048576
2974367663 32768
1935556583 65536
3012490161 32768
1575960105 8192
2664289114 32768
2730020209 32768
1699305244 32768
746472864 524288
1979552919 16384
1124781385 131072
2657295274 4096
708716729 65536
449171459 131072
245918140 16384
2271061950 4096
244977072 65536
699662356 8192
288349757 16384
2304979838 4096
1404374437 131072
982412179 32768
251010580 4096
370808553 131072
2581567750 1048576
2631157232 65536
2454013105 262144
1968093253 8192
839737720 131072
814098608 16384
957992080 32768
296328211 131072
3617731414 65536
2188613794 16384
1907492037 8192
299035407 65536
1626920356 8192
1030336262 262144
1357201973 4096
1375632108 262144
1235893689 524288
450130687 32768
914765239 1048576
2866287610 8192
1880485411 8192
1066541418 16384
36663240 131072
652928527 8192
262109338 32768
1601984940 65536
2274960201 32768
2197247634 32768
1060109277 16384
2562947537 65536
843733650 65536
1081043789 32768
861371632 65536
609465899 262144
2237780770 32768
252201007 32768
1862952783 524288
1437409118 32768
3284802555 32768
1349268611 1048576
1823163805 524288
2849497781 65536
582464191 4096
12275696 32768
1813795104 8192
237446147 16384
2423259110 8192
223434444 65536
2040945499 8192
3161480570 2048
267986104 16384
1319900530 131072
3005354813 16384
981546337 4194304
788904319 65536
2817576619 16384
314073457 32768
2287705699 262144
2268374574 8192
1460404323 32768
910819984 65536
448889457 262144
1410437351 8192
1762587185 8192
1286774545 65536
1875047623 16384
1794728025 16384
1549453161 524288
2606120468 16384
443456973 131072
342319177 8192
1925713438 262144
2865326769 65536
694506759 65536
1221535060 262144
1075533323 65536
1189022786 65536
966192957 16384
278253566 262144
422002506 8192
3372292249 4096
305134789 4096
2447124184 32768
2271558276 65536
741534225 262144
1598089497 32768
2180462334 1048576
2448034272 262144
265644776 8192
568145048 32768
2085030798 65536
2339085036 4096
265072319 65536
1362224502 4096
282351692 2097152
1373992468 4096
3437773812 131072
2826185340 16384
1169188109 65536
1228279022 32768
392847543 16384
1828126394 4096
1081051262 65536
2917615965 1024
694640874 1048576
773199607 8192
2353449024 8192
1092120534 131072
290142087 1048576
275862752 262144
610482629 8192
1930353642 8192
376022096 32768
1269246957 16384
763001589 131072
2455814918 2097152
397924908 65536
1611044739 1048576
2885008000 262144
1061716502 4096
2028018856 8192
1895040489 65536
1813152496 262144
497423981 262144
485954867 131072
2187509060 32768
1708741061 4096
854728212 32768
26291396 4096
1439455235 65536
1786238791 8192
1333269432 262144
1933798283 32768
1890161195 32768
1777431911 65536
615655358 131072
1317277797 16384
2726729556 32768
1423103041 65536
3039702917 16384
418011094 4096
1393722887 524288
495981505 65536
3693237590 8192
442724132 16384
1839860717 65536
1355130682 4194304
1200494391 131072
1649452802 8192
313147082 524288
1798846172 16384
458344851 2048
1198890965 262144
353701481 131072
2364410849 4096
1656467090 32768
368277027 2
252792269 8192
2161238952 8192
1824730156 16384
1108964074 16384
288235822 8192
843119607 2048
652605232 262144
1313233002 2048
1411666583 2048
1198446645 131072
1139520586 524288
1563418409 32768
287866441 65536
1459338805 4096
790367289 1048576
2057450922 1048576
510793606 131072
1584881498 32768
1684982527 262144
2309318266 16384
33780984 4096
3391385523 16384
1804405895 32768
1825256330 1048576
334215904 262144
2452464498 4096
687711941 32768
692874653 8192
265759778 65536
1867214385 16384
1351153102 32768
638389700 4096
1594668539 131072
506256237 65536
2945305536 32768
3624063004 32768
286344455 65536
1347057267 65536
3042812569 65536
1725818294 262144
2793898593 16384
600861725 262144
279728846 32768
1759535806 256
674356352 65536
781118927 16384
2302350362 32768
675844587 65536
3731489114 131072
446765591 4096
866748683 32768
1611858516 65536
344315211 8192
390471962 4096
720620550 131072
1502067541 16384
973859782 131072
748414002 2097152
921748883 2097152
2324234049 16384
566154431 262144
567337243 16384
1228213265 32768
1039450325 2048
1126204750 4096
29014139 16384
466393133 65536
1596723057 8192
573411417 524288
2308970054 2048
817231937 32768
981709747 65536
1582970895 16384
1116037653 8192
1364923516 16384
431236918 16384
250110633 8192
2645365597 8192
2706784399 8192
635979921 32768
1842743050 1024
1578774671 4096
282710278 2048
1503351858 8192
3277366805 65536
1235078241 2048
521424180 16384
346635854 16384
1674101872 8192
1659354786 512
2930226364 8192
2002504627 16384
2584152546 131072
255282453 262144
280354034 65536
403787510 524288
265774720 524288
984470914 4096
2617233152 8192
1066322811 16384
1877431153 4096
896423575 8192
1357469162 262144
795955541 4096
1559364461 4096
299825377 16384
2287721455 16384
1410994482 8192
1752308832 1048576
843953107 8192
270479413 32768
2069652872 262144
355343502 2097152
2304877688 4096
380830281 32768
1737110296 4096
1363578467 16384
1483961134 131072
565056429 8192
1869213383 8192
273533247 32768
1287511781 4096
1768418613 32768
2031587949 16384
743471124 262144
3050742492 16384
1116263497 32768
3234361778 131072
1258875333 32768
1474986709 65536
32342070 16384
1755849345 16384
1755963967 524288
1608441228 8192
771677341 16384
986965681 131072
317131770 65536
1065883832 8192
2459909643 8192
552795501 32768
100295352 131072
1396467081 8192
621474758 4096
145822629 131072
608518853 4096
506265130 131072
930852975 8192
1992597395 4096
1310543150 32768
697103714 131072
289116249 65536
3046140715 16384
739651273 16384
1484076818 32768
312550217 131072
12163820 262144
370380793 16384
1878004127 8192
1869348321 524288
2116186838 8192
1559544026 32768
392838041 16384
393319317 65536
2580774693 32768
2482697089 16384
792257765 4096
335679955 2048
3612625663 2048
562869018 8192
2290270340 32768
2153322612 4096
2205960253 131072
556736788 4096
1853395906 65536
1877485478 2097152
942246925 32768
3260691862 131072
425824539 2048
2401648655 131072
3463256541 8192
22361745 131072
1549395210 1048576
569114023 32768
371825182 16384
1573033536 8192
3729171842 8192
540181948 4096
425339594 262144
2132036527 131072
627935944 32768
1696471649 32768
779878169 65536
3632952938 8192
3078918685 65536
2189047842 8192
1464098938 65536
2061589512 8192
90662083 16384
2888710249 16384
791751586 8192
357463670 32768
2620946842 8388608
2773674879 32768
1496145391 8192
929731026 32768
234316441 16384
1250614165 4096
1550944679 16384
1514109205 65536
1855395780 16384
823346818 1048576
969096685 1048576
1690851348 16384
2261843642 131072
1238345194 16384
246842018 131072
2040769534 16384
2167397475 32768
2273918139 65536
1820543801 65536
663047012 65536
1018372909 16384
1827727776 2097152
2916987561 2048
319524484 65536
1098813930 32768
1137279558 2048
1983201428 16384
2746982694 262144
534228213 1048576
858477518 4096
486791559 65536
27318746 16384
1921433326 8192
1711187926 65536
459812742 8192
1035328629 4096
876316243 65536
2718058672 2048
760667509 32768
660123539 8192
3609495826 32768
2971312473 65536
1364182380 1048576
2362949161 8192
843918804 4096
365599760 4096
2135348704 32768
925614122 8192
1476308022 32768
255322337 8192
1064459028 65536
281303279 16384
390962904 8192
1198070092 65536
1665948587 524288
1598161418 8192
617820970 8192
1642471048 16384
3080781144 4096
2275322996 32768
900907678 2097152
2280075786 65536
2077516105 131072
1740640910 32768
1850990695 4096
2479343064 2097152
1310453936 65536
2038959193 16384
2432137315 131072
1874130959 65536
1746488739 4096
1456366749 2097152
2291915363 16384
307446664 131072
946548479 8192
2133526822 4096
1425161549 524288
3329094479 524288
1070936098 8192
1636457495 16384
1910066341 32768
638955580 524288
370579013 131072
268794703 16384
1997249188 4096
1626613039 524288
2161861917 32768
1791259099 16384
2628997878 4096
1315209668 262144
358501578 8192
1577268905 131072
521424178 8192
2193913675 16384
243701530 32768
874471487 4096
2645833554 131072
1720811636 65536
588639552 65536
611066305 65536
1446021140 4096
1383530890 32768
1392060869 32768
1649051099 8192
3327153048 8192
1654255183 262144
1735736977 32768
419688884 32768
250153264 524288
1772633923 4096
624428690 131072
1808464429 4096
258315819 8192
1616074214 8192
1446555367 32768
801386268 1048576
1501837306 32768
2076760802 65536
278293390 4096
569071046 32768
1738242455 4096
344031353 8192
281788287 4096
2580626239 8192
1128033633 8192
1836576151 262144
1608912047 524288
1488475765 262144
2251188638 4096
3247014995 2048
3496217716 262144
1431432092 4096
288948921 131072
2894238028 65536
1064155907 32768
1600270040 32768
1075819450 16384
2037969193 16384
1840128352 32768
25625921 262144
871903564 131072
1936774344 512
2848474444 262144
941785421 32768
1376479065 8192
1378941221 4096
2742457363 16384
389718275 32768
730489602 262144
1340042038 4096
2560035602 131072
2905758304 8192
2578720648 4096
3522454804 8192
9359089 65536
271727746 16384
1366831088 8192
3699879787 4096
2008958313 65536
2705654142 16384
1737586508 16384
1668614876 8192
3057899859 16384
2223530508 32768
1932649423 16384
1402011389 1048576
1392436905 65536
512587853 32768
1191580060 65536
1849000463 512
2286381157 65536
981709529 131072
2324776170 262144
357259572 262144
2338275639 65536
1282781660 32768
464008069 32768
2262819858 16384
258348857 65536
2057543471 16384
653150351 131072
768142428 8192
1200462533 16384
2112875867 524288
1214184739 524288
3147119715 32768
821916581 131072
1660506576 32768
2218875182 4096
459242296 16384
3522454804 8192
269330251 8192
1621008517 131072
702994657 16384
904112201 524288
602205775 16384
1462134095 4096
2084220280 16384
747201908 16384
1427982261 524288
1299942536 131072
2415822222 16384
529733509 65536
626123189 32768
1949921417 16384
423335097 16384
1307612926 65536
24972325 131072
2567171318 262144
1835724686 16384
1370286716 8192
2142724094 32768
2010285747 4096
46493781 65536
1415042111 262144
317257808 65536
1999299853 16384
2846041415 4096
269907146 2048
1758682966 16384
279179263 32768
3165416148 65536
3476130212 4096
505083775 4096
2059604047 8192
3225457561 32768
614339660 524288
1583496260 16384
283947848 4096
1607447637 4096
340362245 8192
2518784169 65536
2300079973 8192
283477822 16384
2689605522 8192
769073046 32768
1572933266 524288
1732717203 262144
1102448865 8192
994660931 524288
1842981735 32768
1580045519 65536
1330698806 8192
1763111608 262144
2883570527 65536
1243415139 16384
2009048717 131072
588620212 32768
1235723213 524288
3334484430 8192
2516331333 16384
3030410142 4096
