reach info for 1000 sampled points in idf
vertex id and its reach


461700699 4096
1445618795 8192
325736844 32768
176779541 65536
1027903657 4096
747832877 4096
248346521 262144
178746069 1024
1477396026 4096
295054526 32768
1865606339 4096
3721397895 8192
2875699882 512
2682192747 4096
1690636483 2048
1936801981 32768
977871211 512
248596521 1048576
480164581 2048
1311165300 32768
1376872023 2048
929273907 4096
1677308007 65536
831254340 512
1789061416 65536
2127660496 512
365298794 32768
2173797881 1024
1997172254 262144
130218729 1048576
1622261343 32768
1968787572 4096
598947091 8192
1271584849 131072
1806604090 131072
94225426 65536
1519454376 131072
1305334297 32768
1345650018 4096
259115401 8192
260657854 8192
2813124412 8192
1509631344 4096
1231486280 8192
1861994167 65536
28869552 262144
3733755940 16384
198792273 1024
854588483 2048
648876844 524288
280854523 2048
1941471515 2048
299467657 65536
286491838 2048
2325967329 65536
338715980 4096
2223079850 2048
321702531 2048
914687049 4096
1460510100 2048
765184022 131072
542647418 2048
1547860582 4096
803900102 8192
3016825528 4096
2357936458 16384
2234374029 65536
447849821 32768
987738355 32768
1188300265 65536
4179623104 2048
1466764241 1024
966779373 1024
338795854 16384
420405223 131072
1223185967 16384
2293735682 1024
345251558 32768
1496525725 4096
1625629811 16384
335569620 524288
747818748 8192
1444711654 65536
674091974 131072
3507502503 2048
974252170 32768
253062852 4096
1810261166 8192
2580430934 16384
287242594 8192
976060933 65536
316632882 131072
210766009 4096
267353811 4096
297784541 2048
1237050202 131072
2258978329 32768
2325967329 65536
2175041347 512
303396929 131072
247273288 262144
2166682446 16384
596503439 65536
280976190 131072
558589165 1024
479876373 1048576
441725819 65536
76291808 262144
431296595 512
265580054 131072
1453949508 65536
805951934 2048
1336913449 512
248823297 8192
634976878 4096
990504225 8192
3507450654 2048
1835841045 4096
252249250 131072
1862267436 32768
847832184 16384
1581019709 1024
1499757895 262144
614571933 2048
295048896 2048
290770845 65536
2411236820 32768
676821348 65536
480039325 4096
267352604 32768
1591701788 65536
2533812465 16384
1336943075 2048
1541593509 1024
255573611 32768
2701125898 8192
550109524 4096
1168336829 65536
1236471871 4096
1751223422 65536
345199614 1024
601055632 4096
489358189 131072
1782537104 4096
1411506658 512
331825654 8192
1645499459 1024
269906687 8192
1070907551 4096
3326265633 524288
1035781165 524288
247900297 65536
1609026656 2048
1030618432 131072
1168467844 4096
959421716 16384
237640165 8192
99380039 131072
1219019297 4096
2603049063 16384
1647514435 32768
331061766 2048
1168311340 4096
2699601866 131072
1225038728 4096
1216065191 65536
2441987946 8192
1358270571 2048
1228954939 4096
367686910 2048
301917732 65536
1225047291 2048
524077787 4096
1082803736 4096
568443524 65536
1506192218 2048
1348981391 8192
2883551722 2048
1607598033 4096
275210615 1048576
2078038627 4096
1628074575 8192
1302320660 32768
3464939862 1024
1562805845 4096
1612355269 2048
3296528672 32768
2140174355 2048
1322634506 1024
1242344133 131072
339401832 65536
273444340 8192
874495947 32768
248758787 262144
295031902 8192
1487289306 32768
3349610503 2048
2527959586 65536
251120603 16384
2273140976 1048576
247898441 2048
1796119127 2048
429331186 32768
250890930 4096
501851047 4096
1304956267 4096
1446641150 2048
588420513 32768
970400330 16384
1315909308 65536
2498242821 4096
291277824 524288
2268382953 65536
1356375290 512
2162881340 262144
306962812 32768
305077145 65536
2712549999 32768
1282040539 4096
3524351633 2048
3811215822 32768
2691668199 262144
1574143775 512
1588688159 16384
1393064844 65536
2456418095 4096
469718628 4096
1212027113 131072
1132726198 2048
1613932629 1024
1164349507 2048
969381821 512
365597232 4096
1843470143 16384
1580773001 1048576
1561685530 4096
264900154 4096
1364180558 8192
2670471249 16384
1626257037 16384
3092762864 262144
1793651027 4096
1323358846 65536
2483305993 512
771524958 2048
1943924666 4096
600547069 524288
1388537786 16384
4047911393 2048
2023092859 2048
623620223 32768
205501333 8192
751951717 32768
1027184381 2048
1843322227 4096
2559546472 8192
2535610717 2048
858034705 32768
1574792519 131072
2750666387 16384
1757367386 16384
1635617535 8192
1235356345 512
1600314218 2048
3210071820 2048
370178613 8192
365932136 131072
886581117 2048
2201539044 2048
2409105383 65536
1375576725 2048
559200916 512
25288786 131072
259447052 262144
241611500 16384
403493560 32768
239912316 65536
392108376 4096
570002756 1024
3699947005 2048
365290796 131072
1240901976 2048
244414051 65536
1514153809 2048
276254049 65536
469795208 8192
2124948249 16384
245573227 2048
259859328 4096
550458341 2048
774071833 8192
345326856 131072
244521598 2048
496144941 2048
506807637 32768
246249411 131072
3157110229 32768
3078426133 4096
256409804 4096
1989563033 32768
1429634209 4096
2725771137 2048
521557107 131072
546224739 16384
476600867 4096
1583978272 1048576
1639979780 32768
3337074966 8192
1730945989 65536
1342036711 2048
1817618828 524288
382011769 65536
2143045646 8192
3389150796 8192
367845943 32768
317843441 262144
457351766 2048
565020161 32768
567807979 16384
2273988000 32768
660730049 4096
2162599766 262144
706050659 4096
635115331 4096
3239107636 16384
544024202 32768
2938103072 512
1104432068 65536
250649685 1048576
2284580994 262144
1369282026 4096
2776363504 1024
973809313 16384
323902086 1024
417335833 32768
332951211 32768
319710570 8192
25185695 65536
1560521884 65536
289103237 8192
269263701 131072
3701498104 4096
1075344286 4096
319189514 2048
299464505 16384
661214213 8192
1134244263 4096
1678237721 8192
243826016 262144
422047462 8192
249891465 65536
1508835378 2048
1224714125 4096
3298412686 512
29676785 16384
272328614 16384
1458946066 4096
648261638 524288
1612355431 512
3763333433 4096
436629546 2048
2580921832 16384
251813414 4096
1247658517 2048
2145964291 8192
1623271512 8192
615216413 16384
679224445 4096
330321417 32768
695755336 4096
283058921 131072
2469755932 4096
1193695462 65536
288956042 65536
1457048060 65536
246117252 8192
944307082 8192
94233976 32768
512472961 32768
322015918 2048
965249454 8192
1795871542 4096
774085691 1024
246710564 65536
2656471603 131072
1680000271 16384
554671462 1024
1777333346 2048
241802923 32768
431520832 2048
2503515847 16384
423963129 4096
1131543777 512
1295199282 4096
1407729000 262144
615866410 2048
3666247483 1048576
3451510904 16384
260480136 8192
662618151 65536
760483550 2048
601585554 65536
610869399 65536
3753213325 4096
2476967456 2048
166450642 32768
130214038 262144
2362060459 4096
242158803 262144
835134376 1024
1860824253 1024
2090430450 512
534125077 8192
2682192810 32768
2209148257 8192
302135657 262144
2772675655 32768
242923361 262144
345807096 4096
3160990175 4096
321457708 2048
248231614 65536
702991377 16384
130652990 262144
18691065 262144
2253208317 16384
1574736102 2048
1585796726 2048
1264973208 32768
331104235 4096
332041133 2048
2978827153 524288
391347484 8192
1626256162 2048
1933529115 4096
4634114 524288
355307460 1024
1836321851 4096
441258675 4096
260620827 524288
1766734773 2048
3754628201 4096
1789602347 32768
1132936740 131072
1369651401 262144
256321900 65536
1262506566 16384
1492877654 1024
818638646 32768
423334561 4096
760421535 4096
232924126 16384
3410020018 32768
384976792 262144
582623894 8192
2489483912 65536
1601389603 32768
1806438487 1024
1471060674 4096
1212854030 1024
1507137011 2048
243071125 1048576
2399645966 4096
477695244 2048
2011461542 65536
1615554751 8192
2311863601 4096
747459429 8192
1075344233 131072
2543366540 8192
1364310478 16384
275370487 2048
10078113 1048576
2277802557 1048576
3729884939 16384
1094138522 4096
4000305768 4096
2711191872 16384
1314529045 512
1502073175 1024
1114933026 1048576
3479438763 4096
1932268367 16384
285931358 65536
249187295 2048
1645491020 8192
1732027056 512
423564233 65536
1372493058 16384
770357276 32768
2556181879 65536
761466870 4096
1252683206 65536
2078806926 2048
1908601317 1024
1355435582 256
232292941 1024
1746983462 32768
2134971284 131072
1212712518 2048
199462685 262144
4225403179 2048
213644035 524288
365538469 32768
1758404638 32768
2854011796 512
2214464905 8192
431622317 16384
341109140 2048
2271125213 8192
2502955165 16384
242924385 65536
1841700909 2048
1503362068 1024
539452124 2048
768266097 262144
765961420 4096
1543370594 512
2502663804 8192
2077516500 4096
429504646 4096
36480264 32768
307516442 65536
1145482087 2048
676758864 131072
446152533 131072
493576362 32768
1783048780 2
1475080733 1024
1506663975 4096
1786238655 4096
1932621656 512
3695471943 1024
2147942975 4096
319747499 8192
29548821 2048
260692808 65536
1618166783 512
670343126 4096
1750214225 65536
451945055 4096
1856105511 2048
1553098220 1024
2098284053 4096
332052740 16384
192677155 524288
1141322837 4096
1506815759 1024
1210889821 32768
772538216 8192
250172182 4096
248220754 1024
577357542 8192
2910095131 8192
1829684224 8192
1377838597 8192
1524568643 131072
291303797 65536
314921386 65536
3437361669 512
550472713 1024
633703599 32768
208516948 16384
2971406626 2048
1395789077 262144
289816815 16384
746923280 16384
658923106 16384
844845186 4096
2135198113 16384
576297037 32768
1599134367 4096
587663122 16384
2200326826 131072
316528675 4096
1630471523 2048
3506876718 524288
590777514 8192
1223293550 8192
259962890 131072
2770388481 512
1075339098 8192
312153879 8192
1499642209 65536
1397165225 32768
1348701745 1024
558573823 2048
1240997211 512
2227742606 8192
1606530639 256
275992211 2048
1693894715 2048
2129468027 8192
705022588 4096
1633299073 4096
2439829913 4096
2663654245 4096
297081428 32768
4210851807 2048
267352519 65536
3088220685 4096
317572426 4096
1625627177 16384
3364507208 4096
2875681688 4096
376899914 4096
268082187 65536
2043424241 8192
413686207 262144
661726466 8192
503845661 4096
1421287730 1024
288911777 16384
1081912057 524288
1635384004 2048
1151677425 8192
769853215 1024
2269081244 131072
2850923823 16384
1777135105 2048
2745664005 1024
644029643 4096
662292068 131072
513769185 262144
597883426 4096
345807089 4096
332236179 2048
1874679619 32768
417233313 65536
370194476 262144
299469696 32768
249248546 32768
257963594 32768
275420989 65536
1230004809 16384
428695396 8192
258608869 4096
2491329687 8192
1629882489 131072
2723174082 32768
3247018595 2048
3790547379 32768
130009891 262144
1936812087 4096
715101379 16384
1200581257 65536
1708759017 2048
2002323679 32768
1506458823 16384
283130270 8192
259173257 262144
303775336 4096
2642013864 512
252508517 2048
1160275685 262144
2317010446 32768
2902851536 4096
576563048 131072
200681512 1024
360691558 16384
1358124888 16384
216416125 16384
914778481 32768
1600547994 8192
417206274 16384
1029150870 32768
2428641653 8192
2391386518 2048
497495242 65536
1025295347 131072
259117302 1024
1429609966 32768
549760883 16384
206930188 1024
941381823 4096
108173653 8192
1591527807 32768
1310680479 1024
2045420748 8192
1528207196 32768
1393064850 65536
2153610632 8192
1613407758 4096
941900669 32768
283052298 2048
1257078903 16384
1616128630 262144
3437740475 1024
1238753875 4096
297704935 524288
3387703303 16384
316007930 4096
1730343226 8192
1798725324 2048
1936603295 65536
2568135804 32768
792429610 16384
1297671790 4096
2415202093 8192
4013372040 131072
3951583108 32768
1615707150 16384
1607504955 1024
599915661 16384
3732031000 262144
3139838991 8192
623852158 16384
344932782 131072
3392636139 131072
459790826 65536
392600440 16384
1896049249 1024
567003207 4096
1117563566 16384
1924899200 4096
1769776359 65536
2837737651 8192
775953292 2048
96115627 65536
392374317 262144
1582338087 2048
269221905 131072
1949951994 8192
1161457688 8192
416817674 262144
745649986 1024
431622314 1048576
380492524 8192
1578099074 32768
243994518 4096
568458103 65536
2268308490 16384
1513010606 4096
1778368899 65536
1362719474 262144
664256937 4096
2705349594 16384
2985790176 8192
301464084 8192
1589699974 1048576
1418710391 4096
1110738525 1024
656150986 32768
4225969159 131072
3028138312 65536
2376487389 4096
1506930560 16384
988367485 4096
1704113967 16384
282874253 131072
302673088 4096
459663907 32768
249235971 4096
1752909461 2048
2127475543 131072
1611045922 16384
2059694745 4096
254860509 65536
2550463177 131072
660186820 4096
1168574607 2048
1161183203 4096
477388646 2048
2042255100 16384
454632741 262144
412940117 1024
783016034 4096
2709474165 4096
619156486 32768
320153311 1024
2169179905 131072
652102621 2097152
286873403 2048
248953356 16384
251670925 4096
813098030 2048
251624320 2048
1552709856 2048
1992993855 16384
1461674830 4096
1310654309 8192
1832567986 512
1790644083 8192
3066692133 2048
317837987 16384
2071048734 8192
3050120171 524288
318801242 32768
3248469339 8192
256784068 4096
1376871814 8192
2514836077 8192
600391586 4096
2471449098 4096
1609026611 1024
2200327080 16384
1222148165 4096
1248129354 16384
598586287 2048
2889203080 65536
260696936 4096
3161409244 16384
1625628470 8192
1158274663 2048
266713734 65536
250313935 262144
385417260 16384
537522692 262144
786209229 65536
1449344292 4096
316630425 16384
988774474 4096
1452163061 16384
387709747 2048
4120806360 8192
2272452315 8192
705022273 1024
1860539362 1024
2782433181 2048
1837718963 65536
1029802629 131072
1854998183 65536
2457186706 2048
349165660 131072
275729298 16384
1544653718 4096
2400615431 131072
251473066 2048
599733002 262144
846129360 4096
419810650 262144
445839098 32768
562621247 8192
1399343925 16384
290039550 32768
2836202869 8192
1560521982 4096
172828867 131072
984385644 32768
771273100 8192
1532630916 8192
3811215823 2048
2333019171 16384
3335979682 32768
979262611 32768
1988134562 65536
145934391 65536
1770320541 1024
2009319504 2048
2712549845 131072
253909497 4096
2819462605 2048
1280732226 524288
275277147 1024
301605088 4096
1649643277 2048
1429678607 1024
2549459825 8192
1250592107 2048
2513093948 4096
1019741454 4096
269774825 2048
344236107 4096
1349440509 2048
185873322 8192
94151144 524288
635295535 8192
270294480 16384
501896576 8192
1777504021 524288
3520766511 1024
992599276 32768
3982899322 524288
322911012 4096
1806920400 1024
3388721964 4096
416744353 32768
1616903938 32768
929813371 32768
1800616931 4096
2443500490 2048
677590977 2048
1648778638 4096
1626251819 8192
1429623141 16384
1607613591 32768
416743593 4096
671784750 8192
429478908 131072
929274157 4096
3778480297 4096
599732998 1024
1789061996 65536
1190908967 8192
1174886408 4096
139189115 4096
242373563 262144
1670618325 4096
2971407091 1024
316584098 32768
1834395356 16384
1863908636 2048
476552118 16384
1371561134 4096
1247130460 16384
769854018 32768
482987602 8192
1029802629 131072
3666247501 524288
2134636466 4096
983584486 1024
1110966749 8192
277773481 65536
582464707 32768
2158755819 4096
259824068 2048
658923601 65536
1283544725 4096
276599915 4096
674409346 32768
1219927349 1024
2853091238 32768
1503498750 131072
1356301253 131072
349249149 8192
3253609749 8192
3914632309 8192
1742035737 2048
343315501 131072
290519798 2048
303300096 4096
3039835790 8192
559570474 2048
319731970 4096
461610970 262144
982466074 2048
295492719 8192
2265695187 1024
1166322113 8192
1850652963 16384
1429612048 8192
595330796 8192
1796119480 4096
251137296 4096
3539224225 4096
314925258 65536
2078807002 8192
2822877364 1024
521574413 1024
2422338021 4096
1039778642 2048
288762413 2048
1221181866 2048
1428043542 8192
1468364605 16384
297107619 524288
3499565412 2048
250837579 8192
1193592175 2048
416817932 32768
2156213159 1024
246660478 16384
409146645 524288
3952726064 512
1014581956 16384
1947308504 8192
512467617 65536
206095546 131072
243775170 1048576
1375576699 4096
2389106781 32768
304965262 2048
288032571 8192
1280386322 32768
1793159161 16384
983858663 8192
330106613 32768
2166995143 1024
243892649 65536
4010928901 8192
3495575408 32768
535285130 8192
1506931857 524288
267254160 65536
303781477 8192
285042356 4096
1615456314 8192
4102546525 16384
258115316 32768
2133147291 32768
21659597 65536
1089559948 524288
3939849560 65536
2250943083 16384
488412058 4096
899676132 16384
3186429936 8192
691189064 16384
1030750207 65536
428233405 16384
